50 0
44 3336
34 3352
84 3118
113 0
122 2911
139 3529
153 3506
149 2888
173 0
185 3754
215 0
239 3161
271 3292
273 0
306 3156
320 3832
393 3861
394 3501
477 3511
491 3875
557 0
572 0
571 3718
575 3985
556 3986
578 3431
585 3188
658 3387
668 2879
705 3645
710 0
766 0
757 3499
775 0
780 0
797 0
786 0
799 0
804 0
792 3887
831 0
846 0
857 0
848 3318
909 0
931 0
964 0
958 3296
988 3367
990 3583
==========***** 2021-01-07 23:08:28 start to log *****==========
32 0
40 0
133 0
132 0
142 0
197 0
181 3358
173 2910
211 0
238 0
274 0
275 0
318 0
339 0
313 3185
353 0
355 0
381 0
388 3587
403 3789
437 0
467 0
480 0
605 0
636 0
657 0
718 3400
753 0
770 0
875 3233
941 0
942 0
960 0
952 3815
992 3996
==========***** 2021-01-07 23:18:26 start to log *****==========
132 0
195 0
203 3977
299 0
369 0
389 0
402 0
415 0
544 3587
739 0
768 3877
820 3452
879 3555
888 3529
915 0
927 0
967 0
964 3185
==========***** 2021-01-07 23:27:21 start to log *****==========
176 0
211 3500
274 0
697 0
702 3444
733 3467
807 3869
819 0
822 3415
890 3663
886 3249
914 0
972 0
993 3267
==========***** 2021-01-07 23:34:57 start to log *****==========
15 3352
74 0
86 3856
244 0
357 0
438 0
492 0
517 3641
618 0
657 0
663 0
743 3899
752 3511
847 0
884 0
915 0
962 0
972 0
957 0
==========***** 2021-01-07 23:44:12 start to log *****==========
85 0
170 0
197 0
186 0
245 0
301 0
325 0
448 0
636 3142
665 0
607 2875
681 0
747 3250
==========***** 2021-01-07 23:49:12 start to log *****==========
13 0
53 0
143 0
119 3769
169 3173
238 0
242 0
254 0
283 0
305 0
365 0
410 0
373 3248
465 0
483 0
542 0
661 0
715 0
961 0
==========***** 2021-01-07 23:53:14 start to log *****==========
16 3263
18 3345
13 0
53 0
60 3531
67 0
101 3835
144 0
242 0
244 0
256 0
285 0
414 0
367 0
435 0
416 3331
468 0
486 0
546 0
564 3757
664 0
719 0
722 4295
965 0
==========***** 2021-01-07 23:57:47 start to log *****==========
439 3524
699 3501
==========***** 2021-01-08 00:01:19 start to log *****==========
810 3356
913 3743
==========***** 2021-01-08 00:06:23 start to log *****==========
617 3387
742 3296
==========***** 2021-01-08 00:13:41 start to log *****==========
49 3136
32 3690
23 3356
45 3596
28 3449
26 3136
67 3399
51 3437
58 3240
65 3840
85 3742
64 3527
88 4029
73 3056
90 3012
42 3376
87 3915
74 3550
82 3012
95 4192
100 3567
99 3028
102 3718
62 3359
94 3727
115 2969
56 2982
29 3371
123 3705
125 3467
118 2410
140 3450
126 2634
131 3406
146 3724
121 4086
120 4042
130 3444
143 3541
142 3494
138 3904
133 2951
==========***** 2021-01-08 00:14:57 start to log *****==========
25 3531
188 3609
186 3215
==========***** 2021-01-08 00:15:36 start to log *****==========
21 4192
==========***** 2021-01-08 00:16:38 start to log *****==========
402 3525
==========***** 2021-01-08 00:20:12 start to log *****==========
