1 3012
2 3459
3 3042
4 3764
5 3783
6 3573
7 2824
8 3380
9 3470
10 3411
11 3815
33 3598
19 3954
14 3725
36 3614
30 3753
43 3859
72 3453
68 3450
77 2791
112 3950
108 3287
109 3402
180 3133
182 3200
202 3793
219 3219
225 3433
240 3214
251 3500
265 3537
272 3887
264 3941
270 3325
279 3622
295 2940
331 3578
338 3584
345 3907
377 3538
391 3267
385 4178
399 3496
405 3494
411 3756
418 3511
424 3394
426 3411
436 3778
447 3226
452 4022
453 3651
456 3152
454 3490
458 3415
472 3527
476 3327
464 3754
500 3544
501 3443
502 3267
503 3034
504 3208
505 3658
506 3537
507 3323
508 3607
509 3205
511 3755
512 3327
44 3336
34 3352
84 3118
122 2911
139 3529
153 3506
149 2888
185 3754
239 3161
271 3292
306 3156
320 3832
393 3861
394 3501
477 3511
491 3875
571 3718
575 3985
556 3986
578 3431
585 3188
658 3387
668 2879
705 3645
757 3499
792 3887
848 3318
958 3296
988 3367
990 3583
181 3358
173 2910
313 3185
388 3587
403 3789
718 3400
875 3233
952 3815
992 3996
203 3977
544 3587
768 3877
820 3452
879 3555
888 3529
964 3185
211 3500
702 3444
733 3467
807 3869
822 3415
890 3663
886 3249
993 3267
15 3352
86 3856
517 3641
743 3899
752 3511
636 3142
607 2875
747 3250
119 3769
169 3173
373 3248
16 3263
18 3345
60 3531
101 3835
416 3331
564 3757
722 4295
439 3524
699 3501
810 3356
913 3743
617 3387
742 3296
49 3136
32 3690
23 3356
45 3596
28 3449
26 3136
67 3399
51 3437
58 3240
65 3840
85 3742
64 3527
88 4029
73 3056
90 3012
42 3376
87 3915
74 3550
82 3012
95 4192
100 3567
99 3028
102 3718
62 3359
94 3727
115 2969
56 2982
29 3371
123 3705
125 3467
118 2410
140 3450
126 2634
131 3406
146 3724
121 4086
120 4042
130 3444
143 3541
142 3494
138 3904
133 2951
25 3531
188 3609
186 3215
21 4192
402 3525
151 3789
530 3812
590 3923
631 3990
66 3496
40 3524
54 3803
22 3154
55 3436
48 3521
76 3656
53 3688
98 3339
41 3743
145 3180
97 3304
105 3302
80 4049
135 4265
157 3414
129 3198
147 3270
165 4062
124 3656
141 4049
183 3828
176 3761
161 3391
81 3571
162 2939
190 3230
195 3843
179 4045
172 3792
206 3231
168 3338
218 3209
232 3102
201 3783
208 4083
238 3333
245 3595
227 3286
237 3785
246 3852
233 3515
249 3458
254 3450
263 3339
262 3346
298 3589
369 3251
366 3180
383 3532
381 3890
567 4143
758 3189
737 3744
803 3268
861 3497
884 4016
37 3467
167 3780
187 3464
144 3119
207 3210
198 3466
217 3318
214 3409
127 3388
205 3786
259 3246
257 3695
289 3463
222 3498
269 3485
299 3392
389 3225
438 3573
462 3696
467 3675
31 3765
111 3804
200 4003
92 3658
156 3169
652 3784
821 3534
936 3500
907 3601
997 3961
910 3664
89 3182
27 3181
50 3347
193 3298
78 3970
274 3674
327 3608
541 3340
558 3529
687 3159
75 3897
152 3434
70 3120
170 2913
213 3748
248 3066
252 3933
412 3865
892 3720
292 3585
317 3303
981 3647
