==========***** 2021-01-13 10:13:01 start to log *****==========
4 2766 [282, 327, 336, 287, 142, 64, 232, 283, 253, 174, 130, 256]
5 2723 [221, 102, 237, 217, 224, 238, 310, 318, 327, 160, 296, 73]
7 2726 [228, 180, 149, 367, 357, 322, 248, 316, 138, 195, 106, 120]
2 2287 [171, 173, 96, 176, 134, 201, 294, 143, 120, 371, 270, 138]
9 2256 [109, 322, 171, 316, 323, 62, 230, 199, 280, 65, 118, 61]
8 2749 [85, 152, 233, 206, 313, 281, 344, 249, 305, 197, 222, 162]
1 2609 [64, 312, 246, 69, 152, 347, 169, 175, 137, 367, 343, 228]
6 2893 [206, 332, 314, 295, 106, 223, 366, 221, 317, 64, 344, 105]
3 2114 [146, 126, 129, 367, 204, 123, 214, 153, 203, 223, 139, 87]
11 2119 [343, 80, 209, 147, 188, 79, 65, 61, 353, 338, 117, 139]
12 2499 [199, 240, 71, 220, 214, 66, 339, 221, 246, 366, 120, 197]
10 2226 [79, 261, 102, 367, 133, 307, 118, 106, 200, 193, 64, 296]
16 2407 [98, 63, 206, 83, 263, 191, 225, 347, 286, 253, 208, 184]
13 2740 [298, 84, 207, 340, 126, 257, 311, 163, 286, 296, 310, 62]
15 2890 [306, 343, 174, 217, 96, 277, 198, 345, 85, 286, 281, 282]
17 3092 [111, 194, 345, 223, 243, 370, 176, 174, 328, 366, 246, 316]
14 1937 [130, 76, 201, 121, 65, 143, 163, 241, 184, 194, 287, 132]
18 2734 [119, 328, 115, 308, 368, 123, 113, 288, 113, 335, 365, 159]
19 2702 [171, 205, 273, 154, 149, 356, 106, 283, 285, 312, 261, 147]
20 2552 [251, 97, 323, 137, 84, 106, 222, 80, 347, 286, 342, 277]
21 2516 [127, 215, 101, 340, 74, 280, 240, 302, 298, 87, 199, 253]
24 2176 [206, 206, 228, 106, 358, 89, 76, 173, 67, 301, 209, 157]
22 2613 [101, 251, 243, 344, 148, 283, 186, 276, 272, 346, 81, 82]
23 2877 [322, 250, 107, 218, 251, 344, 219, 231, 253, 289, 83, 310]
25 2820 [285, 149, 67, 370, 340, 254, 114, 363, 128, 180, 301, 269]
28 2405 [315, 279, 72, 81, 303, 120, 343, 320, 169, 217, 110, 76]
26 2342 [112, 90, 283, 223, 212, 169, 161, 226, 218, 358, 204, 86]
27 2169 [138, 165, 243, 63, 202, 254, 226, 317, 110, 86, 99, 266]
29 2519 [290, 170, 359, 126, 306, 82, 235, 153, 238, 273, 175, 112]
30 3027 [240, 302, 244, 73, 307, 319, 348, 363, 285, 134, 122, 290]
33 3162 [303, 265, 310, 350, 310, 284, 321, 151, 212, 198, 224, 234]
32 2881 [89, 159, 334, 345, 257, 312, 75, 150, 337, 369, 361, 93]
31 2329 [74, 187, 142, 288, 201, 309, 121, 187, 362, 123, 192, 143]
34 2135 [263, 272, 66, 127, 177, 196, 95, 166, 363, 111, 134, 165]
35 2926 [252, 186, 195, 222, 263, 162, 247, 274, 289, 247, 333, 256]
36 2383 [131, 356, 136, 205, 224, 163, 366, 233, 87, 183, 126, 173]
38 2413 [121, 174, 240, 285, 139, 151, 325, 126, 232, 122, 293, 205]
37 2648 [204, 126, 184, 298, 362, 223, 302, 314, 185, 300, 62, 88]
40 2508 [215, 251, 313, 292, 267, 86, 225, 76, 243, 235, 176, 129]
41 2496 [203, 194, 97, 244, 61, 350, 286, 107, 136, 220, 321, 277]
39 2736 [152, 121, 277, 193, 228, 154, 320, 160, 257, 229, 316, 329]
42 2209 [187, 261, 79, 336, 143, 139, 145, 133, 154, 297, 217, 118]
43 2427 [239, 124, 72, 113, 241, 349, 234, 144, 220, 343, 238, 110]
44 2751 [242, 98, 139, 297, 242, 140, 211, 337, 257, 239, 262, 287]
47 3440 [131, 307, 305, 341, 318, 307, 307, 370, 349, 327, 174, 204]
46 2151 [135, 235, 62, 122, 169, 206, 275, 270, 251, 100, 232, 94]
45 2633 [186, 145, 286, 147, 289, 104, 180, 158, 168, 346, 260, 364]
48 2418 [166, 326, 280, 66, 92, 97, 169, 316, 255, 62, 296, 293]
50 2567 [287, 140, 223, 175, 305, 214, 324, 153, 299, 61, 298, 88]
49 2239 [248, 245, 283, 177, 263, 138, 123, 183, 158, 224, 108, 89]
52 2606 [365, 133, 312, 293, 156, 179, 319, 83, 118, 294, 156, 198]
51 2837 [147, 303, 249, 362, 365, 122, 220, 218, 364, 123, 219, 145]
53 2243 [181, 148, 87, 233, 167, 330, 303, 263, 203, 136, 74, 118]
54 2410 [279, 332, 179, 105, 218, 121, 358, 188, 76, 163, 157, 234]
55 2685 [346, 145, 137, 327, 222, 94, 193, 299, 99, 249, 324, 250]
56 2487 [288, 261, 61, 244, 136, 187, 158, 187, 218, 197, 357, 193]
57 2432 [361, 87, 88, 368, 359, 177, 198, 100, 323, 97, 205, 69]
58 2101 [164, 97, 164, 217, 303, 213, 68, 291, 133, 87, 88, 276]
60 2573 [147, 65, 329, 227, 166, 334, 331, 269, 248, 125, 87, 245]
61 2578 [102, 339, 89, 173, 322, 297, 287, 322, 146, 220, 210, 71]
59 3249 [313, 337, 308, 333, 231, 354, 175, 163, 339, 176, 263, 257]
63 2429 [201, 252, 214, 197, 235, 117, 324, 81, 279, 258, 100, 171]
62 2611 [169, 157, 212, 129, 363, 272, 167, 329, 124, 354, 198, 137]
64 2439 [320, 197, 126, 89, 351, 102, 306, 178, 218, 319, 75, 158]
65 2107 [168, 232, 282, 102, 132, 122, 240, 77, 208, 247, 149, 148]
67 2283 [72, 289, 195, 148, 62, 334, 123, 291, 150, 208, 270, 141]
66 3261 [92, 358, 163, 340, 298, 307, 341, 267, 343, 356, 132, 264]
68 2834 [152, 131, 289, 352, 277, 291, 121, 271, 85, 300, 281, 284]
69 2426 [252, 323, 227, 105, 84, 109, 106, 194, 186, 146, 364, 330]
73 2354 [142, 171, 274, 162, 217, 127, 323, 117, 120, 279, 359, 63]
71 2511 [259, 138, 265, 131, 327, 108, 279, 116, 218, 272, 304, 94]
72 2563 [279, 97, 152, 78, 144, 267, 203, 146, 363, 275, 200, 359]
70 2297 [91, 71, 365, 217, 234, 126, 93, 216, 92, 308, 139, 345]
74 2279 [318, 218, 145, 147, 271, 122, 239, 97, 159, 208, 273, 82]
75 2190 [205, 90, 248, 315, 194, 354, 112, 97, 148, 62, 74, 291]
78 2303 [173, 293, 84, 62, 182, 240, 338, 124, 224, 214, 219, 150]
77 2929 [168, 364, 301, 258, 231, 192, 295, 349, 62, 150, 305, 254]
79 2594 [316, 317, 245, 210, 72, 61, 248, 142, 139, 354, 228, 262]
76 2658 [240, 66, 227, 160, 221, 215, 198, 66, 252, 322, 321, 370]
80 1897 [69, 65, 359, 100, 61, 201, 211, 150, 66, 128, 190, 297]
83 2974 [312, 201, 360, 326, 221, 269, 175, 158, 102, 196, 362, 292]
82 2472 [118, 291, 351, 238, 300, 229, 175, 89, 88, 137, 222, 234]
85 2595 [206, 351, 65, 242, 199, 210, 76, 359, 201, 344, 192, 150]
81 2519 [259, 172, 193, 161, 279, 204, 250, 186, 255, 248, 61, 251]
84 1993 [137, 269, 88, 147, 65, 84, 309, 331, 204, 66, 232, 61]
86 2073 [187, 115, 188, 175, 71, 357, 104, 146, 263, 287, 104, 76]
90 2661 [135, 302, 262, 271, 100, 321, 105, 211, 340, 270, 271, 73]
87 2834 [340, 304, 242, 195, 259, 211, 331, 85, 99, 174, 320, 274]
88 2911 [344, 365, 101, 173, 309, 281, 204, 91, 200, 154, 340, 349]
89 2811 [244, 184, 191, 328, 189, 313, 368, 157, 117, 275, 290, 155]
91 2943 [326, 289, 341, 310, 178, 127, 336, 141, 159, 231, 145, 360]
92 3147 [116, 321, 85, 325, 358, 185, 293, 279, 183, 364, 313, 325]
95 2334 [81, 98, 340, 73, 172, 230, 229, 80, 229, 220, 270, 312]
98 2886 [165, 179, 217, 253, 322, 83, 224, 112, 312, 344, 349, 326]
97 2600 [77, 266, 317, 96, 240, 350, 227, 350, 80, 217, 132, 248]
94 2661 [299, 180, 275, 251, 93, 307, 162, 278, 291, 70, 107, 348]
93 3112 [341, 132, 324, 137, 364, 237, 156, 214, 340, 298, 315, 254]
96 2638 [327, 294, 98, 280, 323, 262, 91, 319, 83, 100, 136, 325]
99 2292 [115, 127, 105, 176, 295, 162, 289, 254, 88, 340, 165, 176]
102 2916 [364, 64, 205, 104, 297, 275, 280, 267, 173, 308, 244, 335]
103 2464 [195, 158, 198, 344, 158, 89, 218, 272, 366, 110, 292, 64]
100 2475 [190, 312, 75, 177, 307, 260, 63, 370, 94, 109, 167, 351]
101 2684 [108, 359, 92, 266, 135, 184, 242, 364, 316, 98, 217, 303]
104 2816 [79, 352, 178, 239, 191, 332, 123, 323, 310, 160, 270, 259]
106 2079 [94, 255, 332, 301, 94, 111, 81, 276, 244, 61, 158, 72]
108 2843 [367, 226, 347, 105, 272, 129, 236, 367, 194, 223, 131, 246]
105 2894 [300, 209, 217, 365, 282, 368, 190, 249, 69, 68, 216, 361]
109 2542 [344, 320, 294, 61, 301, 95, 140, 361, 129, 141, 134, 222]
107 2687 [169, 290, 177, 268, 252, 266, 354, 252, 354, 67, 122, 116]
110 2845 [349, 334, 211, 200, 266, 190, 235, 142, 280, 279, 284, 75]
111 2063 [85, 97, 337, 79, 303, 247, 92, 163, 334, 189, 64, 73]
112 3050 [253, 371, 322, 327, 104, 312, 193, 101, 359, 196, 188, 324]
116 2887 [163, 279, 304, 163, 88, 354, 206, 262, 351, 263, 325, 129]
113 2627 [318, 183, 260, 177, 242, 270, 330, 99, 131, 282, 147, 188]
114 3252 [338, 330, 352, 125, 365, 144, 263, 291, 264, 309, 349, 122]
117 1878 [117, 163, 91, 140, 365, 262, 61, 67, 160, 85, 108, 259]
115 1862 [61, 230, 204, 155, 70, 76, 214, 101, 129, 339, 218, 65]
118 2586 [338, 343, 183, 200, 205, 359, 357, 163, 63, 166, 123, 86]
123 2413 [79, 216, 280, 206, 300, 214, 189, 65, 90, 303, 266, 205]
122 2250 [89, 364, 75, 294, 93, 103, 147, 279, 257, 173, 215, 161]
119 2427 [354, 85, 303, 173, 147, 156, 169, 194, 115, 361, 237, 133]
120 2390 [245, 185, 109, 155, 123, 323, 235, 234, 363, 129, 184, 105]
124 2287 [85, 366, 86, 209, 131, 243, 174, 113, 202, 193, 238, 247]
121 2437 [61, 198, 219, 172, 190, 269, 249, 243, 355, 118, 197, 166]
125 2822 [131, 196, 240, 64, 302, 235, 358, 342, 279, 159, 366, 150]
129 2622 [131, 369, 279, 220, 299, 294, 76, 85, 225, 356, 190, 98]
130 2272 [94, 154, 247, 250, 177, 147, 105, 279, 256, 77, 117, 369]
126 2570 [67, 257, 338, 92, 318, 212, 80, 331, 70, 306, 193, 306]
128 2790 [255, 272, 204, 224, 275, 223, 348, 109, 181, 254, 134, 311]
127 2336 [172, 187, 72, 234, 116, 144, 359, 228, 135, 244, 195, 250]
131 2297 [200, 167, 176, 167, 156, 231, 61, 307, 164, 227, 257, 184]
133 2293 [109, 143, 307, 129, 326, 287, 129, 160, 240, 318, 73, 72]
134 2608 [329, 333, 184, 134, 133, 324, 71, 316, 331, 132, 180, 141]
137 2285 [271, 290, 276, 91, 108, 292, 122, 90, 130, 163, 211, 241]
135 3091 [326, 175, 132, 249, 318, 327, 331, 317, 248, 107, 194, 367]
132 2155 [191, 252, 169, 185, 240, 124, 75, 301, 103, 103, 127, 285]
136 3085 [136, 271, 316, 108, 326, 342, 211, 258, 297, 337, 149, 334]
138 2759 [310, 279, 317, 241, 158, 214, 243, 120, 351, 138, 201, 187]
139 2522 [138, 244, 321, 62, 179, 98, 271, 313, 90, 183, 346, 277]
141 3078 [182, 223, 327, 282, 167, 271, 283, 144, 329, 257, 324, 289]
143 2913 [207, 326, 146, 308, 142, 170, 321, 226, 311, 340, 100, 316]
142 2716 [370, 254, 124, 180, 250, 260, 148, 298, 230, 128, 274, 200]
144 2547 [255, 143, 314, 95, 250, 221, 168, 96, 174, 357, 269, 205]
140 2928 [263, 240, 195, 286, 304, 305, 161, 298, 252, 135, 262, 227]
145 2359 [301, 308, 92, 203, 144, 222, 223, 263, 108, 138, 128, 229]
150 3224 [124, 288, 136, 328, 336, 275, 304, 355, 331, 249, 356, 142]
148 2182 [219, 101, 189, 161, 315, 88, 107, 252, 116, 289, 205, 140]
146 2036 [153, 105, 109, 132, 273, 180, 131, 239, 222, 132, 81, 279]
147 2531 [342, 112, 293, 245, 187, 118, 95, 129, 199, 304, 192, 315]
151 2851 [300, 176, 301, 248, 349, 206, 241, 157, 364, 273, 94, 142]
149 2625 [240, 89, 215, 226, 313, 127, 196, 347, 278, 200, 291, 103]
152 2304 [223, 334, 136, 301, 76, 102, 222, 218, 198, 216, 128, 150]
153 2987 [325, 240, 154, 227, 73, 358, 273, 332, 316, 342, 239, 108]
155 2435 [100, 80, 91, 215, 316, 158, 214, 358, 107, 354, 127, 315]
156 2580 [261, 363, 347, 69, 145, 76, 245, 262, 129, 297, 302, 84]
154 2485 [240, 88, 153, 289, 232, 228, 220, 174, 112, 306, 160, 283]
159 3016 [208, 330, 348, 335, 133, 301, 190, 283, 230, 72, 308, 278]
158 2815 [148, 217, 197, 342, 323, 74, 238, 151, 366, 348, 182, 229]
157 2768 [161, 368, 324, 218, 308, 363, 171, 213, 141, 146, 237, 118]
160 2850 [220, 350, 321, 341, 128, 354, 75, 291, 341, 95, 184, 150]
164 2578 [138, 302, 304, 81, 249, 176, 111, 313, 115, 279, 212, 298]
165 2190 [61, 167, 281, 317, 250, 115, 177, 118, 182, 94, 143, 285]
166 2983 [87, 159, 255, 366, 150, 285, 295, 326, 339, 346, 235, 140]
163 2552 [78, 207, 125, 370, 369, 273, 283, 244, 369, 70, 66, 98]
161 3004 [196, 151, 314, 347, 130, 366, 366, 308, 74, 183, 234, 335]
162 2806 [338, 66, 322, 212, 253, 61, 226, 256, 70, 350, 282, 370]
167 2425 [69, 299, 230, 87, 217, 276, 163, 368, 111, 82, 281, 242]
168 2249 [107, 112, 277, 173, 327, 124, 334, 164, 215, 182, 67, 167]
171 2325 [67, 216, 230, 256, 278, 178, 117, 145, 178, 255, 110, 295]
170 2464 [195, 106, 203, 294, 87, 265, 174, 222, 161, 108, 336, 313]
173 2533 [259, 144, 116, 371, 220, 307, 110, 102, 363, 79, 149, 313]
172 2350 [312, 286, 103, 320, 248, 288, 94, 299, 146, 61, 126, 67]
169 2459 [91, 118, 104, 311, 85, 212, 324, 151, 338, 153, 351, 221]
174 2835 [346, 192, 345, 75, 205, 259, 159, 127, 311, 312, 199, 305]
175 2185 [354, 75, 157, 118, 195, 113, 61, 342, 144, 166, 358, 102]
176 2668 [78, 339, 163, 337, 201, 347, 233, 163, 303, 305, 104, 95]
177 2924 [226, 259, 340, 331, 200, 80, 262, 131, 344, 242, 241, 268]
179 2978 [251, 176, 287, 301, 231, 238, 368, 337, 131, 242, 278, 138]
183 2485 [108, 126, 79, 316, 141, 202, 227, 74, 252, 257, 345, 358]
182 2581 [253, 185, 76, 346, 126, 226, 250, 103, 152, 316, 210, 338]
181 2593 [125, 77, 295, 216, 309, 165, 177, 194, 192, 276, 348, 219]
178 2553 [218, 355, 330, 223, 101, 192, 325, 165, 94, 237, 235, 78]
180 2803 [89, 233, 160, 286, 327, 117, 354, 362, 341, 248, 211, 75]
184 2609 [210, 121, 302, 366, 298, 289, 121, 72, 181, 265, 195, 189]
186 2335 [147, 93, 196, 218, 175, 164, 168, 187, 292, 329, 278, 88]
189 2712 [202, 352, 219, 333, 61, 292, 232, 91, 256, 361, 124, 189]
191 2843 [173, 356, 333, 273, 204, 132, 282, 337, 77, 231, 107, 338]
187 2573 [319, 217, 176, 146, 121, 267, 147, 96, 339, 125, 321, 299]
190 2486 [66, 178, 351, 63, 220, 185, 279, 108, 284, 137, 354, 261]
185 2893 [189, 215, 311, 296, 353, 264, 161, 348, 134, 166, 262, 194]
188 2845 [90, 302, 279, 283, 121, 300, 218, 233, 260, 282, 297, 180]
192 2382 [138, 205, 99, 176, 244, 328, 220, 345, 77, 105, 267, 178]
195 2901 [299, 244, 365, 62, 142, 191, 293, 249, 158, 306, 260, 332]
196 2265 [104, 245, 341, 153, 359, 283, 84, 84, 183, 173, 177, 79]
198 2859 [172, 127, 204, 262, 365, 206, 202, 335, 266, 120, 263, 337]
194 2452 [150, 71, 181, 265, 141, 301, 138, 339, 270, 272, 161, 163]
197 2367 [128, 339, 199, 273, 156, 87, 307, 94, 316, 95, 95, 278]
193 2812 [132, 100, 305, 307, 264, 323, 338, 225, 125, 287, 220, 186]
199 2273 [249, 99, 125, 94, 292, 134, 359, 185, 195, 72, 281, 188]
200 2872 [298, 293, 65, 82, 124, 336, 278, 326, 250, 366, 268, 186]
201 2423 [202, 123, 158, 80, 338, 338, 182, 312, 247, 71, 278, 94]
203 2646 [332, 186, 304, 226, 329, 185, 131, 178, 160, 182, 68, 365]
202 2453 [77, 199, 307, 274, 230, 234, 278, 199, 102, 83, 336, 134]
205 2245 [288, 217, 102, 106, 364, 189, 123, 269, 80, 167, 152, 188]
207 2878 [157, 353, 313, 274, 181, 291, 260, 142, 211, 217, 121, 358]
209 2818 [254, 109, 240, 252, 80, 342, 82, 326, 362, 218, 298, 255]
204 2375 [369, 258, 202, 182, 101, 139, 371, 158, 94, 104, 251, 146]
208 2614 [131, 96, 329, 170, 84, 302, 248, 170, 261, 263, 214, 346]
206 2806 [326, 344, 131, 72, 224, 136, 310, 273, 174, 361, 164, 291]
210 2556 [346, 290, 172, 320, 323, 75, 236, 136, 294, 91, 115, 158]
211 2422 [328, 325, 148, 95, 301, 317, 94, 230, 114, 63, 198, 209]
214 2599 [180, 248, 104, 234, 231, 95, 127, 267, 365, 164, 293, 291]
212 3034 [368, 315, 286, 326, 105, 136, 348, 313, 114, 212, 289, 222]
218 2923 [224, 370, 127, 245, 142, 306, 348, 85, 343, 232, 213, 288]
216 2640 [211, 62, 247, 197, 345, 171, 342, 169, 261, 202, 249, 184]
215 2184 [350, 169, 218, 123, 76, 85, 193, 328, 131, 126, 195, 190]
213 2743 [252, 91, 224, 241, 273, 263, 307, 166, 73, 334, 224, 295]
217 2555 [240, 331, 166, 195, 259, 164, 255, 265, 199, 69, 66, 346]
219 3152 [294, 349, 327, 163, 320, 314, 344, 294, 124, 200, 76, 347]
224 2747 [325, 341, 70, 306, 119, 112, 236, 249, 228, 327, 78, 356]
225 2964 [70, 291, 308, 296, 346, 104, 209, 311, 216, 361, 179, 273]
222 2524 [359, 120, 81, 79, 161, 254, 285, 277, 105, 279, 206, 318]
220 2399 [152, 291, 251, 127, 230, 261, 350, 200, 70, 138, 160, 169]
221 2515 [221, 257, 247, 283, 339, 77, 300, 162, 183, 280, 82, 84]
227 2786 [159, 345, 127, 196, 162, 316, 311, 131, 198, 320, 312, 209]
223 2337 [207, 137, 277, 141, 162, 153, 131, 361, 187, 132, 285, 164]
226 3094 [352, 206, 230, 327, 314, 333, 265, 83, 173, 323, 364, 124]
228 2929 [261, 69, 285, 339, 297, 152, 219, 229, 353, 201, 323, 201]
232 2981 [335, 278, 283, 218, 259, 259, 234, 287, 144, 303, 309, 72]
230 2574 [116, 261, 220, 291, 98, 368, 113, 330, 228, 204, 275, 70]
229 2617 [64, 358, 61, 116, 191, 143, 229, 314, 343, 364, 205, 229]
236 2724 [290, 302, 172, 83, 321, 344, 227, 282, 207, 94, 117, 285]
234 1825 [201, 126, 299, 105, 68, 77, 89, 343, 87, 165, 91, 174]
235 3070 [258, 332, 237, 349, 79, 120, 330, 192, 282, 292, 270, 329]
231 3012 [315, 332, 247, 247, 330, 363, 90, 132, 172, 230, 288, 266]
233 2625 [240, 213, 93, 235, 330, 211, 96, 214, 334, 150, 167, 342]
238 2501 [315, 120, 149, 329, 300, 120, 342, 85, 252, 271, 69, 149]
239 2396 [111, 118, 129, 101, 360, 198, 125, 130, 363, 338, 189, 234]
243 2962 [316, 255, 307, 162, 262, 134, 206, 252, 321, 300, 113, 334]
237 2813 [271, 89, 351, 344, 333, 348, 194, 173, 134, 339, 84, 153]
241 2871 [61, 160, 115, 220, 132, 355, 353, 202, 367, 302, 271, 333]
242 3145 [344, 299, 346, 274, 259, 335, 175, 176, 224, 238, 143, 332]
246 2530 [355, 254, 75, 107, 106, 260, 348, 253, 167, 182, 302, 121]
240 2635 [147, 109, 176, 218, 305, 158, 309, 213, 345, 285, 221, 149]
245 2492 [308, 366, 167, 308, 297, 178, 147, 65, 119, 294, 116, 127]
244 3168 [361, 215, 317, 204, 281, 199, 327, 297, 343, 226, 289, 109]
250 3033 [203, 333, 155, 229, 361, 162, 167, 137, 325, 281, 355, 325]
254 2123 [79, 83, 69, 248, 241, 70, 226, 184, 335, 299, 79, 210]
252 2258 [271, 318, 251, 207, 280, 357, 85, 75, 104, 161, 71, 78]
249 2266 [300, 208, 133, 208, 184, 278, 233, 120, 266, 103, 82, 151]
251 2503 [326, 346, 153, 150, 176, 239, 185, 228, 178, 197, 188, 137]
248 2352 [168, 85, 74, 356, 110, 240, 171, 357, 345, 131, 164, 151]
253 2258 [119, 189, 357, 245, 170, 245, 301, 85, 83, 89, 294, 81]
247 2254 [206, 134, 259, 256, 81, 328, 102, 70, 87, 297, 275, 159]
255 2782 [250, 66, 99, 153, 93, 367, 352, 253, 145, 325, 350, 329]
257 2720 [125, 306, 303, 301, 204, 264, 236, 265, 135, 147, 109, 325]
262 2367 [246, 234, 147, 190, 156, 90, 167, 169, 150, 218, 367, 233]
258 2949 [122, 287, 348, 67, 250, 314, 335, 298, 107, 368, 287, 166]
256 2931 [279, 349, 341, 227, 255, 167, 114, 224, 306, 179, 333, 157]
259 2940 [319, 349, 300, 312, 322, 342, 88, 133, 170, 100, 339, 166]
260 2511 [229, 229, 67, 213, 95, 223, 152, 321, 86, 350, 233, 313]
261 2322 [87, 270, 351, 152, 101, 273, 235, 135, 111, 313, 119, 175]
263 2932 [330, 310, 335, 149, 114, 324, 216, 349, 186, 212, 133, 274]
264 2165 [202, 257, 226, 125, 78, 289, 218, 90, 116, 94, 346, 124]
265 3311 [365, 361, 165, 258, 285, 310, 269, 369, 258, 221, 369, 81]
268 2435 [274, 247, 351, 165, 354, 193, 155, 86, 207, 173, 89, 141]
274 2945 [100, 371, 235, 336, 276, 141, 316, 273, 76, 349, 279, 193]
270 3026 [320, 342, 335, 298, 280, 268, 116, 66, 354, 173, 103, 371]
271 2721 [339, 307, 97, 243, 76, 305, 162, 356, 175, 337, 155, 169]
266 3363 [225, 351, 323, 332, 255, 113, 223, 339, 252, 309, 316, 325]
273 2734 [304, 344, 211, 290, 221, 298, 97, 331, 61, 312, 181, 84]
272 2807 [215, 359, 181, 179, 340, 277, 303, 211, 237, 122, 126, 257]
269 3026 [342, 164, 206, 203, 289, 287, 364, 269, 226, 300, 101, 275]
267 2563 [255, 93, 63, 188, 242, 315, 84, 308, 102, 300, 297, 316]
275 2787 [96, 193, 345, 324, 178, 360, 279, 167, 164, 313, 143, 225]
277 2155 [187, 113, 155, 212, 192, 199, 61, 327, 294, 148, 111, 156]
283 2274 [193, 169, 191, 131, 224, 261, 87, 254, 246, 269, 70, 179]
280 2669 [289, 153, 177, 207, 364, 215, 246, 360, 121, 170, 251, 116]
281 2236 [100, 302, 80, 240, 352, 181, 62, 325, 295, 99, 137, 63]
279 2517 [215, 333, 357, 216, 108, 141, 123, 175, 363, 193, 167, 126]
278 2321 [313, 256, 153, 250, 86, 158, 142, 217, 161, 296, 158, 131]
282 2991 [266, 283, 217, 316, 288, 236, 242, 149, 148, 340, 189, 317]
276 2383 [108, 87, 181, 310, 261, 333, 352, 221, 95, 74, 157, 204]
284 2678 [350, 90, 246, 252, 72, 358, 342, 169, 67, 145, 362, 225]
285 2625 [113, 250, 179, 74, 293, 283, 257, 280, 129, 242, 369, 156]
290 2771 [337, 98, 193, 271, 201, 184, 187, 203, 371, 315, 242, 169]
288 2389 [240, 113, 138, 268, 129, 226, 241, 344, 71, 240, 305, 74]
292 3232 [327, 330, 357, 85, 211, 350, 334, 291, 325, 201, 288, 133]
293 2211 [123, 157, 142, 310, 101, 82, 96, 225, 281, 301, 256, 137]
294 2751 [158, 302, 243, 136, 162, 365, 324, 207, 356, 82, 210, 206]
291 2112 [78, 61, 179, 73, 219, 73, 122, 363, 248, 289, 276, 131]
286 2573 [255, 202, 202, 111, 180, 308, 253, 175, 160, 335, 314, 78]
289 2286 [70, 105, 77, 358, 352, 347, 119, 346, 82, 161, 159, 110]
287 2382 [132, 169, 150, 366, 145, 345, 194, 126, 256, 156, 147, 196]
295 2117 [75, 119, 220, 252, 100, 90, 93, 264, 131, 290, 230, 253]
296 2553 [152, 309, 191, 179, 75, 161, 202, 295, 228, 207, 347, 207]
297 2359 [77, 352, 104, 193, 104, 360, 182, 265, 123, 230, 155, 214]
306 2047 [172, 61, 83, 236, 84, 282, 99, 229, 218, 213, 107, 263]
300 3098 [296, 308, 280, 171, 311, 63, 326, 350, 270, 355, 277, 91]
298 2724 [70, 208, 284, 242, 169, 71, 290, 271, 313, 123, 318, 365]
301 2681 [203, 137, 270, 284, 357, 299, 142, 168, 312, 159, 263, 87]
304 2360 [97, 133, 166, 93, 204, 190, 183, 257, 137, 298, 344, 258]
305 2982 [313, 184, 321, 195, 66, 366, 102, 361, 356, 127, 234, 357]
303 2599 [268, 147, 102, 97, 242, 301, 247, 291, 362, 310, 90, 142]
299 2613 [317, 235, 238, 300, 103, 139, 117, 279, 339, 93, 239, 214]
302 2313 [239, 161, 65, 268, 130, 204, 321, 121, 251, 203, 229, 121]
307 2685 [168, 248, 133, 315, 365, 140, 142, 248, 198, 354, 306, 68]
308 2237 [108, 183, 218, 115, 120, 328, 242, 87, 239, 265, 173, 159]
314 2488 [159, 253, 232, 195, 132, 185, 259, 269, 320, 100, 320, 64]
310 2579 [237, 92, 71, 357, 333, 269, 299, 274, 72, 192, 267, 116]
317 2754 [258, 181, 216, 177, 348, 123, 352, 299, 138, 128, 348, 186]
316 2669 [212, 334, 338, 102, 295, 311, 105, 208, 97, 234, 62, 371]
309 2279 [122, 93, 180, 326, 274, 210, 309, 110, 113, 360, 84, 98]
312 2625 [124, 316, 174, 158, 155, 62, 205, 209, 362, 236, 288, 336]
315 2575 [199, 154, 276, 338, 233, 159, 133, 179, 153, 103, 290, 358]
313 3070 [241, 335, 163, 183, 291, 211, 152, 260, 319, 227, 360, 328]
311 2676 [213, 193, 235, 167, 242, 283, 229, 280, 285, 280, 137, 132]
318 2542 [338, 257, 63, 357, 80, 266, 76, 308, 63, 324, 263, 147]
320 3089 [97, 310, 132, 224, 284, 314, 220, 240, 370, 343, 312, 243]
322 3044 [170, 279, 250, 81, 357, 282, 348, 225, 119, 311, 271, 351]
328 2656 [158, 345, 88, 172, 316, 317, 181, 261, 309, 245, 88, 176]
321 2668 [307, 340, 71, 61, 327, 292, 126, 263, 146, 284, 193, 258]
323 2479 [132, 290, 341, 360, 144, 222, 128, 85, 152, 80, 321, 224]
319 2504 [297, 143, 126, 304, 179, 98, 268, 128, 168, 198, 332, 263]
324 2330 [93, 104, 213, 307, 270, 182, 76, 282, 129, 245, 351, 78]
325 2967 [121, 180, 191, 103, 249, 323, 239, 274, 358, 361, 203, 365]
326 2793 [132, 167, 357, 113, 242, 366, 236, 266, 181, 232, 220, 281]
327 2434 [366, 66, 157, 217, 203, 75, 300, 241, 71, 351, 150, 237]
329 2474 [150, 148, 262, 209, 299, 145, 140, 304, 354, 169, 154, 140]
334 2692 [204, 181, 64, 244, 346, 183, 151, 297, 237, 292, 172, 321]
331 2790 [275, 264, 275, 140, 370, 156, 262, 184, 263, 182, 146, 273]
332 2238 [288, 332, 273, 81, 135, 293, 82, 166, 69, 346, 83, 90]
335 2179 [61, 196, 151, 94, 92, 164, 139, 231, 319, 224, 176, 332]
336 2105 [189, 298, 209, 104, 132, 85, 178, 195, 87, 177, 314, 137]
339 2527 [290, 325, 281, 315, 266, 130, 139, 341, 161, 150, 64, 65]
333 3053 [317, 252, 286, 95, 317, 267, 321, 300, 229, 350, 167, 152]
338 3063 [321, 194, 259, 309, 228, 293, 247, 338, 250, 328, 130, 166]
337 2290 [224, 354, 259, 157, 68, 237, 369, 68, 99, 174, 210, 71]
330 2260 [329, 105, 213, 94, 187, 129, 253, 132, 271, 307, 100, 140]
340 2719 [337, 283, 259, 320, 128, 214, 292, 113, 260, 95, 244, 174]
342 3085 [203, 279, 267, 318, 232, 329, 323, 248, 80, 331, 198, 277]
343 2254 [137, 201, 108, 217, 282, 295, 172, 61, 61, 342, 284, 94]
347 2272 [141, 161, 68, 128, 204, 78, 304, 361, 198, 357, 132, 140]
344 2734 [123, 95, 273, 198, 240, 245, 233, 252, 268, 246, 366, 195]
350 2693 [352, 173, 338, 118, 236, 84, 127, 141, 314, 274, 185, 351]
346 2297 [215, 159, 168, 220, 359, 246, 236, 90, 74, 146, 220, 164]
341 2932 [318, 363, 296, 75, 212, 356, 323, 90, 177, 307, 264, 151]
349 3067 [346, 239, 218, 221, 203, 236, 332, 286, 212, 335, 164, 275]
351 2396 [272, 164, 238, 64, 94, 176, 258, 97, 326, 256, 214, 237]
348 3319 [316, 303, 336, 351, 317, 290, 171, 122, 296, 146, 315, 356]
345 2772 [357, 349, 317, 123, 285, 159, 179, 203, 175, 237, 218, 170]
352 2781 [367, 253, 355, 362, 79, 332, 226, 176, 103, 105, 182, 241]
354 2941 [286, 354, 100, 275, 231, 219, 280, 272, 364, 240, 151, 169]
360 2347 [131, 140, 103, 249, 280, 268, 264, 332, 166, 182, 159, 73]
356 2400 [162, 202, 127, 92, 195, 311, 365, 92, 89, 353, 350, 62]
361 2515 [268, 357, 148, 111, 334, 98, 303, 172, 66, 364, 86, 208]
359 2654 [213, 311, 208, 237, 132, 99, 71, 338, 347, 345, 192, 161]
357 3003 [368, 116, 337, 338, 358, 275, 186, 79, 163, 358, 82, 343]
362 2014 [127, 320, 146, 234, 127, 89, 91, 162, 198, 142, 240, 138]
363 2967 [346, 335, 321, 90, 239, 250, 121, 286, 347, 236, 212, 184]
355 1908 [150, 122, 83, 66, 226, 237, 112, 269, 127, 338, 107, 71]
353 2935 [146, 172, 82, 336, 270, 324, 332, 160, 359, 305, 259, 190]
358 2872 [134, 243, 311, 296, 301, 194, 186, 353, 79, 316, 95, 364]
364 2658 [249, 163, 187, 85, 305, 170, 245, 290, 363, 352, 109, 140]
367 2312 [97, 347, 110, 140, 194, 68, 315, 222, 212, 234, 198, 175]
368 2528 [225, 90, 205, 347, 238, 89, 341, 87, 186, 194, 301, 225]
371 2870 [72, 371, 126, 86, 362, 128, 321, 124, 325, 325, 338, 292]
366 2861 [198, 360, 312, 90, 306, 296, 171, 222, 290, 140, 158, 318]
370 2976 [368, 117, 178, 229, 306, 286, 310, 233, 260, 327, 217, 145]
374 2143 [88, 100, 228, 189, 80, 186, 170, 210, 279, 338, 166, 109]
369 2435 [353, 162, 253, 291, 136, 237, 197, 142, 78, 264, 63, 259]
365 2213 [80, 186, 149, 269, 110, 209, 123, 122, 155, 92, 359, 359]
373 2965 [278, 348, 245, 218, 291, 126, 365, 62, 274, 162, 244, 352]
372 2659 [144, 122, 223, 144, 159, 345, 200, 349, 336, 187, 330, 120]
375 2087 [93, 147, 153, 166, 62, 279, 250, 324, 125, 299, 113, 76]
376 2177 [149, 305, 106, 114, 333, 94, 262, 111, 190, 93, 357, 63]
377 2838 [113, 334, 321, 278, 360, 220, 351, 94, 93, 344, 263, 67]
386 2206 [139, 186, 135, 268, 65, 142, 305, 116, 139, 117, 296, 298]
381 2548 [327, 287, 123, 278, 323, 227, 214, 315, 93, 123, 63, 175]
380 2669 [175, 85, 331, 124, 287, 299, 237, 364, 70, 214, 226, 257]
385 3166 [341, 336, 364, 108, 302, 328, 236, 271, 271, 159, 97, 353]
387 2298 [201, 197, 99, 122, 128, 133, 239, 346, 205, 345, 187, 96]
383 2639 [344, 98, 322, 79, 339, 316, 181, 116, 170, 291, 91, 292]
382 2398 [195, 362, 75, 84, 370, 260, 328, 61, 361, 92, 100, 110]
378 2006 [369, 71, 126, 178, 346, 163, 111, 82, 162, 208, 93, 97]
379 2828 [97, 300, 298, 259, 223, 253, 371, 294, 249, 212, 156, 116]
384 3095 [336, 193, 262, 313, 147, 307, 199, 251, 361, 126, 371, 229]
388 2242 [195, 92, 153, 350, 136, 63, 336, 239, 337, 152, 112, 77]
397 2337 [207, 221, 318, 266, 349, 109, 330, 107, 131, 95, 82, 122]
396 2845 [268, 168, 304, 287, 310, 363, 85, 355, 65, 248, 196, 196]
394 2791 [305, 314, 91, 222, 139, 336, 254, 245, 364, 162, 244, 115]
392 2167 [361, 260, 99, 150, 136, 328, 99, 68, 213, 120, 152, 181]
391 2808 [65, 223, 243, 331, 356, 213, 83, 253, 250, 222, 241, 328]
389 2812 [95, 301, 209, 201, 315, 365, 338, 354, 99, 125, 227, 183]
393 2300 [114, 178, 252, 106, 224, 113, 347, 201, 65, 159, 208, 333]
395 2609 [136, 369, 167, 194, 100, 66, 224, 360, 317, 324, 130, 222]
400 2794 [161, 232, 228, 202, 349, 345, 314, 221, 84, 214, 341, 103]
398 2168 [113, 190, 110, 202, 133, 360, 193, 82, 231, 229, 262, 63]
390 2272 [332, 233, 63, 129, 111, 140, 196, 173, 81, 79, 367, 368]
399 2869 [249, 70, 304, 128, 370, 188, 291, 234, 260, 147, 321, 307]
401 2424 [104, 122, 198, 351, 128, 289, 105, 265, 181, 297, 279, 105]
404 2725 [209, 260, 118, 124, 323, 299, 314, 179, 348, 274, 74, 203]
410 2666 [236, 317, 326, 349, 200, 282, 193, 120, 209, 247, 97, 90]
408 2100 [274, 120, 136, 289, 270, 281, 164, 131, 150, 86, 114, 85]
411 2069 [294, 153, 83, 93, 262, 204, 224, 107, 365, 77, 110, 97]
402 2486 [69, 235, 333, 111, 327, 243, 241, 101, 227, 142, 191, 266]
412 1936 [114, 360, 138, 361, 69, 194, 82, 122, 152, 71, 80, 193]
405 2762 [148, 142, 166, 111, 342, 238, 141, 341, 190, 339, 285, 319]
406 2776 [151, 368, 133, 233, 250, 125, 325, 368, 132, 223, 370, 98]
409 2656 [220, 352, 348, 153, 320, 262, 218, 74, 287, 141, 184, 97]
403 2846 [184, 126, 351, 306, 162, 291, 117, 324, 138, 256, 271, 320]
407 2516 [199, 109, 242, 325, 112, 157, 312, 305, 211, 293, 174, 77]
413 2611 [150, 225, 230, 350, 96, 133, 312, 280, 213, 199, 123, 300]
416 2564 [318, 105, 237, 89, 341, 336, 95, 201, 87, 330, 342, 83]
420 3140 [320, 234, 362, 317, 241, 202, 339, 100, 136, 332, 278, 279]
417 2670 [328, 366, 367, 273, 67, 301, 158, 190, 87, 278, 122, 133]
421 2865 [277, 136, 329, 152, 366, 91, 257, 221, 294, 319, 115, 308]
422 2374 [170, 133, 105, 260, 332, 370, 207, 87, 200, 72, 105, 333]
414 2571 [303, 171, 329, 248, 267, 206, 71, 355, 130, 137, 202, 152]
425 2563 [118, 178, 324, 81, 276, 92, 365, 242, 96, 351, 287, 153]
418 3152 [111, 173, 231, 263, 158, 312, 293, 348, 293, 320, 320, 330]
424 2157 [349, 250, 100, 96, 181, 95, 165, 88, 62, 322, 313, 136]
415 2854 [133, 171, 342, 321, 214, 355, 154, 171, 99, 273, 323, 298]
419 2571 [221, 331, 341, 221, 293, 354, 192, 121, 62, 64, 229, 142]
426 2335 [102, 155, 269, 134, 178, 321, 68, 61, 268, 342, 180, 257]
423 2909 [100, 186, 261, 210, 340, 182, 227, 150, 280, 305, 324, 344]
427 2164 [133, 115, 158, 185, 314, 92, 313, 144, 95, 121, 229, 265]
435 2173 [185, 159, 193, 159, 158, 177, 131, 200, 238, 310, 102, 161]
430 2855 [201, 105, 352, 328, 191, 266, 99, 121, 298, 303, 324, 267]
434 2373 [164, 201, 95, 233, 293, 296, 203, 183, 195, 218, 80, 212]
433 2573 [302, 276, 180, 75, 164, 85, 227, 362, 221, 122, 260, 299]
436 2226 [274, 197, 155, 101, 328, 200, 271, 214, 78, 178, 85, 145]
429 2693 [148, 215, 259, 94, 344, 311, 241, 105, 287, 202, 199, 288]
428 2262 [140, 138, 191, 97, 344, 199, 222, 82, 157, 359, 108, 225]
431 2872 [222, 293, 270, 64, 211, 319, 190, 103, 268, 371, 194, 367]
432 2846 [263, 240, 336, 91, 191, 80, 339, 251, 303, 324, 336, 92]
437 2729 [156, 100, 65, 302, 274, 248, 274, 257, 247, 206, 273, 327]
439 2984 [369, 328, 249, 229, 266, 358, 112, 244, 285, 314, 166, 64]
440 2384 [215, 179, 148, 293, 157, 197, 108, 221, 222, 304, 256, 84]
438 3146 [173, 287, 349, 282, 166, 271, 338, 244, 305, 105, 271, 355]
445 2349 [152, 112, 84, 288, 139, 309, 135, 92, 330, 74, 343, 291]
442 2602 [61, 315, 347, 188, 161, 198, 110, 366, 272, 81, 248, 255]
446 2452 [144, 233, 253, 216, 271, 134, 151, 366, 175, 81, 223, 205]
451 3150 [69, 356, 261, 222, 186, 165, 370, 328, 279, 307, 326, 281]
443 2488 [191, 342, 203, 101, 257, 79, 307, 258, 155, 233, 139, 223]
448 2588 [285, 309, 202, 310, 78, 78, 258, 180, 321, 359, 136, 72]
441 2610 [109, 141, 370, 143, 94, 281, 285, 341, 161, 236, 358, 91]
444 2396 [189, 354, 369, 77, 172, 67, 87, 224, 226, 155, 167, 309]
450 2379 [210, 115, 166, 320, 150, 149, 267, 332, 216, 225, 86, 143]
449 2754 [315, 315, 254, 291, 72, 110, 204, 274, 105, 206, 270, 338]
447 2856 [265, 243, 215, 103, 301, 341, 259, 168, 361, 165, 238, 197]
453 2490 [365, 212, 362, 73, 224, 124, 103, 169, 131, 335, 111, 281]
452 2246 [136, 128, 289, 74, 180, 249, 77, 196, 187, 218, 270, 242]
459 2685 [347, 270, 328, 353, 127, 168, 207, 203, 68, 295, 63, 256]
457 2321 [194, 105, 201, 164, 307, 267, 234, 67, 211, 265, 160, 146]
455 2428 [167, 200, 141, 124, 78, 317, 267, 177, 259, 131, 317, 250]
458 2425 [74, 303, 62, 96, 171, 291, 306, 359, 212, 272, 130, 149]
462 2531 [318, 92, 80, 215, 204, 190, 152, 370, 137, 314, 138, 321]
454 2026 [259, 200, 157, 289, 85, 70, 297, 188, 118, 102, 82, 179]
456 2897 [196, 359, 186, 282, 177, 370, 188, 328, 167, 350, 182, 112]
461 2222 [246, 63, 224, 182, 84, 287, 138, 116, 318, 119, 184, 261]
460 2999 [352, 323, 255, 178, 348, 298, 281, 329, 121, 142, 311, 61]
463 2483 [219, 135, 329, 104, 158, 195, 117, 281, 120, 326, 350, 149]
465 2806 [361, 342, 218, 350, 96, 244, 328, 359, 122, 110, 75, 201]
466 2598 [88, 231, 279, 140, 262, 200, 340, 291, 233, 153, 302, 79]
464 2599 [170, 148, 114, 245, 186, 306, 284, 241, 315, 213, 311, 66]
472 3354 [284, 308, 238, 298, 218, 325, 134, 354, 309, 258, 306, 322]
474 2502 [222, 182, 203, 181, 70, 133, 269, 199, 320, 171, 300, 252]
468 2718 [72, 215, 338, 186, 265, 265, 126, 327, 151, 149, 262, 362]
471 2435 [173, 344, 213, 72, 248, 161, 311, 221, 333, 64, 217, 78]
473 2654 [155, 243, 218, 260, 324, 231, 276, 87, 212, 150, 208, 290]
470 2007 [184, 209, 203, 121, 61, 233, 83, 177, 276, 109, 290, 61]
467 2581 [284, 313, 112, 94, 249, 176, 270, 352, 127, 188, 207, 209]
476 2572 [337, 292, 154, 216, 262, 202, 316, 168, 204, 93, 201, 127]
477 1720 [109, 178, 225, 204, 144, 89, 85, 84, 111, 162, 248, 81]
475 2454 [125, 133, 307, 300, 321, 190, 222, 208, 69, 190, 84, 305]
469 2771 [354, 128, 255, 155, 147, 339, 243, 354, 198, 148, 138, 312]
478 2228 [291, 85, 282, 121, 211, 70, 172, 275, 346, 168, 86, 121]
479 2534 [340, 188, 359, 70, 153, 330, 107, 155, 66, 117, 369, 280]
481 2302 [343, 134, 184, 206, 184, 369, 128, 65, 246, 104, 276, 63]
489 2624 [340, 280, 367, 353, 215, 188, 85, 144, 91, 144, 353, 64]
482 2484 [320, 220, 221, 140, 110, 240, 91, 290, 128, 121, 269, 334]
490 2154 [94, 254, 292, 249, 84, 189, 102, 338, 127, 79, 122, 224]
480 2404 [257, 105, 183, 121, 153, 264, 223, 254, 369, 95, 108, 272]
488 2190 [137, 168, 328, 81, 82, 95, 284, 100, 366, 83, 241, 225]
493 2397 [129, 311, 269, 116, 146, 221, 298, 251, 164, 201, 112, 179]
483 2519 [264, 113, 263, 92, 268, 156, 124, 199, 322, 274, 173, 271]
484 2311 [67, 121, 78, 347, 276, 106, 354, 242, 160, 114, 369, 77]
486 2393 [76, 116, 213, 68, 248, 284, 223, 305, 221, 226, 281, 132]
485 2935 [288, 273, 216, 172, 192, 253, 301, 284, 268, 270, 182, 236]
491 2978 [229, 283, 275, 218, 273, 303, 279, 141, 324, 340, 185, 128]
487 2613 [91, 196, 128, 116, 365, 364, 228, 265, 90, 242, 313, 215]
492 2946 [276, 278, 164, 161, 369, 100, 127, 337, 350, 272, 256, 256]
500 2415 [128, 220, 277, 63, 97, 256, 80, 311, 224, 84, 369, 306]
494 2561 [97, 316, 263, 155, 268, 216, 320, 156, 207, 182, 217, 164]
499 2786 [131, 94, 288, 119, 323, 253, 215, 281, 314, 155, 320, 293]
497 2527 [266, 357, 102, 160, 247, 121, 349, 339, 77, 193, 108, 208]
495 2535 [119, 211, 235, 70, 277, 90, 303, 153, 262, 345, 134, 336]
496 2635 [248, 72, 321, 186, 242, 236, 123, 352, 262, 127, 143, 323]
498 2134 [147, 351, 219, 280, 74, 119, 102, 232, 69, 107, 143, 291]
501 2684 [304, 169, 263, 158, 68, 304, 246, 264, 337, 209, 256, 106]
505 2764 [231, 213, 163, 209, 148, 217, 339, 217, 257, 132, 313, 325]
507 2878 [90, 289, 200, 120, 347, 135, 308, 359, 291, 97, 343, 299]
503 3155 [343, 180, 368, 201, 349, 305, 359, 128, 233, 359, 263, 67]
504 2639 [272, 83, 72, 342, 141, 177, 150, 339, 253, 301, 233, 276]
502 3067 [256, 316, 364, 319, 280, 181, 196, 356, 152, 269, 108, 270]
513 2614 [128, 156, 142, 290, 327, 278, 205, 138, 255, 69, 287, 339]
506 2787 [360, 328, 189, 319, 194, 204, 121, 110, 191, 348, 73, 350]
515 2713 [367, 94, 174, 346, 102, 153, 275, 345, 367, 96, 137, 257]
512 2807 [249, 295, 148, 205, 314, 359, 84, 229, 120, 234, 207, 363]
509 2397 [206, 62, 310, 234, 96, 111, 266, 163, 139, 323, 150, 337]
510 2183 [260, 193, 284, 69, 64, 273, 351, 205, 185, 146, 68, 85]
511 2699 [186, 119, 122, 270, 104, 146, 362, 156, 208, 291, 371, 364]
508 2592 [61, 270, 185, 310, 360, 78, 144, 352, 212, 341, 123, 156]
514 2709 [93, 307, 231, 184, 360, 276, 371, 236, 155, 188, 189, 119]
516 2030 [211, 196, 305, 88, 63, 351, 117, 146, 126, 224, 126, 77]
517 2737 [139, 64, 363, 331, 356, 132, 277, 131, 235, 324, 61, 324]
518 2918 [175, 332, 358, 75, 149, 297, 245, 323, 280, 353, 199, 132]
519 2573 [254, 136, 194, 364, 363, 214, 95, 195, 287, 131, 247, 93]
527 3077 [87, 357, 252, 114, 150, 360, 343, 263, 337, 305, 325, 184]
530 2671 [258, 105, 217, 325, 352, 86, 156, 269, 260, 242, 136, 265]
521 2071 [267, 202, 135, 277, 66, 64, 259, 300, 75, 115, 66, 245]
522 2108 [233, 229, 61, 192, 242, 158, 110, 316, 142, 113, 98, 214]
528 2193 [156, 64, 369, 92, 143, 66, 283, 262, 348, 141, 98, 171]
526 2725 [218, 274, 174, 331, 137, 229, 115, 338, 249, 227, 323, 110]
529 2891 [301, 290, 255, 215, 184, 231, 115, 214, 287, 312, 202, 285]
520 2388 [210, 353, 285, 84, 127, 99, 327, 362, 75, 141, 131, 194]
523 2760 [350, 326, 254, 366, 360, 79, 62, 225, 84, 250, 267, 137]
524 2707 [112, 304, 77, 165, 370, 277, 139, 157, 351, 256, 279, 220]
525 2288 [104, 92, 196, 235, 313, 130, 348, 151, 167, 213, 258, 81]
532 3242 [221, 263, 263, 243, 283, 303, 332, 325, 193, 277, 329, 210]
533 2591 [137, 203, 277, 340, 111, 361, 91, 303, 319, 151, 164, 134]
536 2782 [333, 270, 199, 170, 282, 326, 197, 125, 262, 78, 267, 273]
535 2602 [161, 118, 334, 261, 201, 244, 172, 114, 249, 291, 165, 292]
538 2217 [236, 134, 266, 122, 228, 190, 64, 131, 327, 168, 238, 113]
537 2855 [288, 299, 302, 300, 103, 138, 317, 207, 206, 180, 291, 224]
540 2382 [246, 322, 132, 216, 67, 331, 224, 168, 141, 231, 94, 210]
539 2810 [199, 362, 219, 104, 230, 303, 217, 296, 257, 150, 147, 326]
534 2988 [304, 262, 345, 316, 114, 128, 278, 340, 97, 316, 359, 129]
531 2819 [100, 102, 359, 295, 259, 270, 257, 143, 258, 318, 206, 252]
541 2651 [163, 291, 151, 163, 268, 151, 110, 252, 245, 346, 199, 312]
543 3081 [306, 302, 278, 365, 183, 352, 198, 255, 163, 195, 309, 175]
542 2218 [121, 102, 197, 242, 214, 262, 296, 220, 86, 256, 93, 129]
544 3496 [194, 195, 364, 298, 352, 351, 245, 345, 335, 252, 233, 332]
546 2304 [313, 349, 183, 148, 154, 216, 173, 87, 169, 124, 294, 94]
549 2118 [158, 125, 65, 359, 218, 102, 142, 131, 79, 117, 360, 262]
548 2934 [341, 234, 332, 144, 284, 96, 158, 203, 222, 280, 354, 286]
547 2892 [306, 184, 264, 342, 311, 233, 274, 362, 80, 322, 150, 64]
551 2573 [258, 184, 312, 65, 330, 176, 88, 361, 131, 268, 64, 336]
545 1684 [144, 316, 221, 102, 143, 134, 150, 110, 73, 75, 67, 149]
553 2193 [225, 306, 65, 370, 122, 74, 82, 148, 231, 93, 155, 322]
550 2725 [229, 241, 182, 118, 71, 325, 256, 101, 352, 361, 134, 355]
552 2642 [362, 351, 92, 122, 307, 122, 95, 354, 337, 92, 334, 74]
554 2713 [200, 285, 362, 253, 97, 315, 345, 228, 199, 113, 163, 153]
555 2246 [314, 249, 191, 250, 85, 65, 143, 118, 257, 66, 321, 187]
556 2562 [196, 369, 218, 303, 326, 251, 367, 70, 123, 75, 84, 180]
557 2641 [342, 61, 285, 162, 81, 256, 321, 312, 284, 125, 273, 139]
558 2425 [352, 182, 212, 77, 97, 273, 370, 122, 197, 298, 146, 99]
560 2523 [327, 274, 303, 211, 160, 133, 306, 241, 78, 324, 97, 69]
564 2200 [163, 244, 70, 176, 362, 352, 283, 191, 85, 104, 104, 66]
559 2957 [305, 371, 73, 145, 343, 305, 334, 250, 332, 244, 88, 167]
563 2851 [326, 313, 246, 115, 218, 292, 345, 278, 234, 324, 74, 86]
562 2764 [101, 192, 229, 314, 357, 249, 147, 252, 240, 350, 245, 88]
561 2758 [315, 107, 258, 171, 271, 220, 283, 229, 93, 353, 275, 183]
565 2506 [177, 181, 289, 231, 133, 85, 362, 263, 219, 181, 292, 93]
569 2281 [129, 296, 342, 133, 98, 115, 142, 201, 330, 277, 74, 144]
568 3233 [255, 288, 325, 273, 236, 329, 322, 193, 332, 163, 232, 285]
567 2765 [344, 314, 313, 110, 202, 219, 209, 289, 104, 260, 237, 164]
566 2511 [262, 202, 325, 212, 140, 261, 260, 117, 150, 255, 184, 143]
572 2595 [228, 297, 333, 305, 120, 62, 319, 100, 104, 277, 106, 344]
571 2487 [207, 343, 228, 133, 144, 64, 344, 120, 92, 290, 240, 282]
570 2459 [121, 185, 76, 318, 61, 310, 132, 227, 326, 279, 298, 126]
574 2677 [176, 338, 323, 212, 64, 152, 232, 95, 115, 356, 274, 340]
577 2569 [222, 236, 360, 111, 98, 328, 370, 188, 74, 118, 203, 261]
578 2961 [347, 251, 150, 103, 139, 136, 359, 284, 365, 233, 357, 237]
575 2154 [130, 175, 71, 243, 134, 101, 62, 257, 186, 234, 247, 314]
573 2418 [149, 149, 240, 331, 144, 268, 204, 262, 125, 274, 208, 64]
576 2203 [142, 219, 80, 184, 280, 154, 350, 165, 66, 212, 276, 75]
579 3081 [339, 124, 328, 353, 355, 371, 214, 87, 176, 347, 90, 297]
581 2448 [123, 181, 311, 338, 199, 171, 179, 97, 307, 286, 80, 176]
583 2369 [275, 127, 263, 68, 347, 306, 76, 189, 144, 277, 125, 172]
582 2849 [219, 134, 225, 67, 317, 251, 363, 253, 264, 237, 180, 339]
580 2624 [197, 298, 238, 208, 115, 226, 133, 333, 233, 306, 134, 203]
586 2527 [336, 72, 72, 254, 316, 334, 333, 121, 274, 63, 108, 244]
585 2709 [347, 357, 122, 335, 227, 293, 90, 173, 99, 175, 355, 136]
587 2946 [119, 88, 358, 318, 325, 360, 231, 322, 137, 331, 252, 105]
594 2421 [304, 272, 299, 113, 139, 167, 177, 254, 80, 66, 370, 180]
589 2784 [364, 312, 292, 281, 125, 363, 227, 190, 95, 75, 121, 339]
588 2404 [114, 256, 283, 63, 77, 177, 334, 210, 320, 283, 140, 147]
590 2637 [214, 303, 130, 322, 281, 137, 282, 214, 180, 247, 189, 138]
591 3256 [215, 332, 278, 340, 214, 216, 342, 131, 257, 303, 354, 274]
592 3128 [355, 263, 327, 121, 136, 330, 357, 275, 337, 97, 230, 300]
584 2863 [175, 283, 361, 275, 322, 193, 171, 285, 245, 109, 220, 224]
593 2638 [206, 238, 370, 102, 83, 322, 348, 131, 273, 312, 162, 91]
596 2282 [93, 94, 308, 217, 318, 64, 308, 285, 129, 145, 225, 96]
595 2489 [196, 343, 150, 193, 169, 248, 123, 153, 307, 145, 156, 306]
597 2118 [262, 133, 74, 212, 343, 65, 65, 204, 218, 283, 145, 114]
598 2387 [125, 354, 79, 329, 71, 140, 198, 192, 265, 370, 149, 115]
600 3518 [242, 205, 303, 192, 359, 338, 265, 366, 241, 308, 329, 370]
599 2426 [207, 104, 206, 341, 368, 91, 319, 246, 69, 87, 145, 243]
606 3008 [223, 188, 235, 276, 278, 283, 319, 269, 180, 315, 307, 135]
608 2850 [125, 240, 359, 371, 102, 249, 262, 108, 369, 241, 133, 291]
607 2193 [134, 304, 138, 150, 106, 280, 106, 102, 199, 97, 364, 213]
603 3062 [370, 217, 369, 202, 364, 230, 294, 248, 351, 66, 197, 154]
601 2397 [294, 266, 203, 67, 354, 64, 84, 191, 154, 294, 322, 104]
604 2607 [346, 333, 82, 216, 212, 134, 238, 321, 305, 64, 259, 97]
602 2343 [313, 305, 68, 119, 110, 154, 257, 215, 370, 100, 122, 210]
605 1868 [193, 61, 236, 90, 208, 132, 192, 96, 133, 302, 132, 93]
610 2451 [190, 202, 94, 354, 252, 337, 165, 234, 201, 221, 131, 70]
609 2369 [193, 246, 199, 230, 109, 243, 278, 322, 257, 97, 105, 90]
611 2919 [172, 293, 274, 218, 355, 119, 251, 310, 335, 289, 109, 194]
612 2592 [154, 244, 104, 89, 356, 279, 184, 103, 304, 213, 217, 345]
614 2166 [65, 61, 128, 314, 264, 264, 121, 190, 80, 235, 99, 345]
613 3089 [313, 364, 330, 302, 277, 156, 248, 214, 132, 297, 322, 134]
615 2438 [132, 358, 250, 124, 142, 334, 84, 211, 210, 92, 237, 264]
619 2811 [301, 76, 246, 162, 61, 129, 362, 339, 362, 316, 366, 91]
617 2675 [145, 307, 97, 149, 254, 251, 285, 72, 309, 340, 304, 162]
621 2323 [99, 156, 104, 212, 211, 364, 247, 310, 334, 74, 136, 76]
616 2458 [365, 211, 105, 250, 219, 266, 110, 118, 136, 90, 247, 341]
620 2558 [142, 318, 369, 206, 315, 133, 344, 138, 222, 159, 115, 97]
618 3004 [220, 187, 143, 284, 167, 312, 282, 300, 370, 358, 209, 172]
623 2670 [207, 170, 61, 336, 357, 202, 352, 370, 63, 97, 168, 287]
622 2106 [100, 288, 151, 74, 187, 110, 198, 212, 120, 168, 232, 266]
625 2847 [197, 133, 285, 248, 350, 173, 327, 201, 341, 173, 280, 139]
624 2716 [84, 131, 203, 169, 288, 173, 299, 317, 319, 355, 153, 225]
628 2884 [370, 223, 367, 122, 322, 181, 361, 235, 127, 270, 66, 240]
627 2580 [202, 144, 160, 151, 144, 280, 179, 64, 335, 300, 334, 287]
630 2747 [195, 81, 161, 264, 207, 175, 340, 314, 276, 174, 213, 347]
626 2592 [305, 283, 272, 167, 210, 200, 276, 144, 117, 145, 232, 241]
629 2606 [165, 174, 134, 263, 110, 244, 178, 344, 142, 337, 360, 155]
632 2827 [221, 272, 207, 238, 128, 224, 111, 231, 284, 266, 328, 317]
631 2305 [295, 180, 130, 141, 147, 66, 122, 262, 294, 165, 248, 255]
636 3113 [268, 269, 86, 362, 162, 323, 277, 288, 185, 283, 345, 265]
634 2999 [312, 233, 172, 224, 288, 320, 250, 140, 278, 270, 172, 340]
633 2754 [196, 181, 263, 347, 168, 332, 333, 87, 308, 110, 362, 67]
635 2468 [66, 183, 354, 189, 97, 174, 358, 153, 285, 140, 132, 337]
638 2668 [237, 247, 316, 352, 172, 225, 181, 112, 173, 206, 212, 235]
639 2956 [299, 291, 152, 317, 306, 79, 222, 285, 327, 211, 315, 152]
640 2707 [281, 335, 366, 82, 207, 233, 187, 112, 309, 158, 352, 85]
637 2559 [351, 293, 73, 200, 196, 111, 170, 334, 277, 136, 79, 339]
644 2508 [194, 227, 139, 192, 231, 143, 316, 137, 74, 350, 318, 187]
642 2491 [250, 129, 326, 311, 106, 72, 275, 245, 99, 360, 174, 144]
643 1659 [144, 70, 79, 63, 139, 317, 179, 120, 72, 236, 83, 157]
641 2778 [215, 363, 147, 90, 245, 290, 67, 130, 349, 356, 340, 186]
648 2762 [339, 114, 339, 234, 191, 197, 75, 195, 254, 150, 362, 312]
649 2260 [257, 249, 206, 82, 203, 151, 74, 161, 199, 329, 238, 111]
646 2292 [350, 129, 79, 171, 89, 306, 111, 137, 217, 78, 358, 267]
651 2717 [187, 322, 184, 352, 220, 249, 298, 101, 98, 329, 272, 105]
645 2554 [86, 360, 273, 161, 305, 105, 304, 242, 179, 126, 110, 303]
650 2356 [96, 69, 216, 180, 300, 261, 272, 102, 278, 163, 239, 180]
647 3007 [328, 343, 92, 154, 358, 266, 129, 347, 212, 284, 175, 319]
652 2606 [70, 207, 168, 224, 236, 73, 361, 297, 194, 371, 177, 228]
655 2495 [278, 70, 244, 293, 325, 197, 218, 115, 226, 153, 143, 233]
654 2613 [136, 116, 344, 171, 166, 185, 347, 153, 354, 336, 165, 140]
656 2499 [236, 217, 305, 77, 108, 360, 200, 306, 335, 88, 131, 136]
660 2817 [286, 97, 74, 253, 185, 237, 334, 170, 328, 263, 247, 343]
658 2252 [99, 286, 331, 91, 104, 275, 116, 173, 240, 72, 265, 200]
657 2694 [347, 353, 133, 132, 296, 183, 292, 131, 274, 256, 193, 104]
653 2151 [169, 158, 73, 298, 212, 153, 314, 126, 69, 315, 147, 117]
659 2205 [141, 290, 83, 278, 151, 294, 187, 90, 126, 252, 230, 83]
661 2996 [116, 269, 265, 278, 184, 357, 347, 280, 275, 231, 153, 241]
665 2459 [80, 183, 344, 96, 277, 128, 355, 182, 198, 283, 128, 205]
664 2178 [259, 267, 117, 77, 124, 173, 180, 91, 316, 202, 104, 268]
662 2774 [73, 311, 96, 100, 369, 348, 123, 163, 295, 346, 277, 273]
663 2142 [91, 257, 101, 284, 103, 238, 358, 67, 140, 215, 117, 171]
666 2300 [66, 257, 93, 366, 315, 271, 216, 152, 73, 193, 92, 206]
667 3195 [209, 255, 343, 214, 322, 350, 266, 206, 331, 295, 324, 80]
668 2136 [269, 72, 231, 298, 76, 281, 71, 61, 260, 110, 116, 291]
669 2306 [347, 285, 310, 239, 70, 65, 110, 279, 96, 61, 242, 202]
672 2728 [221, 238, 261, 331, 138, 237, 115, 312, 123, 371, 312, 69]
670 2549 [99, 264, 253, 110, 223, 99, 85, 231, 286, 366, 227, 306]
671 2196 [61, 96, 287, 123, 195, 274, 181, 213, 96, 85, 281, 304]
676 2229 [204, 300, 268, 145, 106, 230, 195, 88, 159, 73, 104, 357]
673 2761 [196, 353, 225, 129, 291, 88, 245, 221, 279, 303, 172, 259]
675 2763 [61, 207, 318, 305, 268, 91, 360, 69, 354, 319, 333, 78]
677 2612 [281, 113, 333, 316, 334, 185, 156, 333, 83, 65, 193, 220]
674 2133 [151, 282, 210, 203, 131, 130, 278, 263, 102, 224, 76, 83]
678 2111 [142, 328, 70, 87, 92, 341, 115, 173, 77, 176, 139, 371]
679 2791 [357, 346, 311, 291, 299, 131, 118, 153, 247, 305, 155, 78]
680 2898 [237, 328, 75, 347, 182, 142, 229, 260, 68, 369, 366, 295]
682 2744 [349, 283, 226, 124, 90, 218, 342, 220, 317, 176, 96, 303]
683 2126 [286, 231, 197, 183, 291, 129, 66, 131, 119, 94, 329, 70]
684 2417 [143, 280, 286, 209, 87, 232, 126, 232, 63, 203, 311, 245]
681 3153 [337, 320, 216, 81, 319, 349, 362, 178, 224, 193, 315, 259]
685 2189 [101, 152, 105, 94, 191, 143, 205, 287, 216, 342, 247, 106]
688 2758 [157, 155, 250, 73, 67, 295, 243, 337, 284, 354, 301, 242]
687 2479 [121, 197, 329, 289, 163, 187, 294, 205, 136, 346, 101, 111]
689 2396 [273, 78, 212, 160, 180, 225, 188, 255, 104, 283, 192, 246]
686 2894 [260, 226, 331, 150, 304, 320, 146, 73, 340, 176, 309, 259]
691 2615 [98, 286, 245, 368, 233, 132, 282, 166, 122, 363, 189, 131]
692 2412 [333, 243, 128, 194, 330, 211, 195, 93, 111, 92, 207, 275]
697 3059 [171, 293, 284, 364, 290, 309, 302, 219, 117, 160, 180, 370]
695 2618 [343, 262, 127, 326, 296, 117, 158, 216, 85, 269, 308, 111]
694 2444 [113, 111, 344, 82, 276, 145, 254, 313, 243, 139, 305, 119]
693 3423 [368, 270, 144, 367, 337, 365, 259, 201, 320, 323, 138, 331]
700 2601 [203, 339, 159, 288, 82, 149, 238, 229, 283, 335, 196, 100]
690 2286 [174, 327, 321, 83, 96, 63, 228, 349, 244, 165, 121, 115]
698 2861 [257, 243, 144, 286, 320, 286, 337, 97, 286, 216, 306, 83]
699 2649 [291, 274, 92, 265, 307, 368, 87, 154, 164, 214, 365, 68]
696 2188 [204, 290, 153, 211, 176, 73, 84, 120, 179, 362, 61, 275]
701 2647 [224, 185, 188, 171, 188, 270, 346, 127, 342, 298, 238, 70]
702 2443 [170, 300, 287, 110, 73, 211, 112, 331, 101, 180, 200, 368]
703 2277 [190, 216, 107, 125, 164, 200, 168, 222, 220, 259, 306, 100]
706 2880 [256, 299, 361, 220, 239, 338, 131, 299, 70, 100, 325, 242]
705 2551 [103, 260, 322, 231, 167, 189, 326, 209, 268, 80, 80, 316]
704 2692 [157, 160, 283, 322, 312, 203, 269, 154, 199, 268, 191, 174]
712 2256 [255, 174, 185, 173, 140, 85, 199, 317, 107, 171, 198, 252]
708 2328 [331, 275, 356, 144, 238, 249, 66, 107, 205, 89, 97, 171]
710 2844 [135, 228, 281, 284, 329, 271, 113, 322, 178, 349, 185, 169]
711 2728 [196, 245, 172, 315, 251, 264, 219, 118, 219, 112, 283, 334]
707 3043 [141, 311, 303, 164, 335, 84, 304, 327, 213, 324, 204, 333]
709 2279 [99, 78, 368, 264, 180, 297, 74, 136, 338, 128, 216, 101]
713 2799 [362, 84, 193, 347, 362, 113, 151, 371, 154, 151, 328, 183]
716 2495 [204, 99, 252, 310, 261, 69, 130, 282, 226, 271, 144, 247]
717 2605 [61, 352, 190, 303, 200, 61, 238, 341, 299, 153, 102, 305]
715 2772 [308, 151, 307, 165, 78, 247, 315, 309, 88, 348, 95, 361]
719 2744 [283, 195, 128, 339, 249, 113, 257, 109, 230, 264, 298, 279]
718 3358 [313, 319, 311, 231, 358, 191, 361, 364, 179, 191, 298, 242]
714 2510 [181, 165, 77, 80, 179, 340, 215, 169, 284, 194, 284, 342]
720 2348 [251, 125, 71, 223, 298, 129, 237, 165, 135, 322, 101, 291]
722 2914 [366, 334, 370, 281, 177, 293, 222, 259, 86, 108, 199, 219]
721 2909 [179, 354, 365, 366, 72, 195, 135, 67, 334, 274, 208, 360]
724 3090 [347, 304, 343, 133, 288, 193, 338, 332, 158, 272, 229, 153]
725 2642 [147, 176, 220, 328, 280, 271, 295, 312, 244, 84, 67, 218]
726 2111 [211, 287, 81, 89, 202, 97, 320, 70, 227, 233, 219, 75]
723 2776 [295, 370, 276, 145, 229, 308, 108, 213, 262, 88, 186, 296]
727 2752 [192, 192, 77, 227, 243, 264, 180, 324, 93, 258, 366, 336]
738 2455 [332, 336, 172, 199, 121, 63, 237, 239, 304, 185, 136, 131]
729 2487 [170, 120, 195, 169, 366, 150, 236, 167, 196, 321, 159, 238]
733 2473 [78, 291, 280, 214, 243, 102, 305, 118, 248, 183, 113, 298]
740 2219 [221, 97, 189, 149, 171, 151, 313, 204, 133, 218, 154, 219]
732 2632 [190, 365, 221, 139, 355, 154, 153, 115, 358, 91, 340, 151]
735 2434 [348, 136, 189, 218, 298, 220, 300, 124, 73, 348, 82, 98]
728 2707 [340, 90, 195, 314, 293, 81, 136, 241, 230, 83, 355, 349]
734 2328 [108, 232, 310, 272, 347, 91, 67, 219, 65, 74, 356, 187]
730 2916 [63, 214, 98, 339, 286, 310, 346, 202, 250, 182, 317, 309]
739 2265 [358, 270, 200, 118, 179, 235, 123, 110, 169, 147, 114, 242]
736 2419 [107, 271, 338, 169, 223, 325, 304, 83, 131, 119, 95, 254]
737 2114 [87, 127, 134, 237, 71, 109, 273, 130, 258, 288, 339, 61]
731 2486 [272, 171, 133, 182, 233, 185, 363, 100, 141, 138, 277, 291]
741 2723 [183, 91, 166, 157, 295, 354, 137, 199, 250, 238, 282, 371]
744 1930 [333, 265, 81, 160, 318, 188, 73, 82, 85, 84, 66, 195]
745 2884 [141, 166, 123, 314, 124, 283, 248, 216, 362, 350, 301, 256]
748 3052 [271, 365, 151, 305, 358, 326, 136, 141, 328, 291, 165, 215]
742 2620 [171, 128, 138, 236, 300, 245, 134, 340, 235, 263, 223, 207]
747 2715 [106, 299, 296, 126, 63, 318, 249, 261, 245, 72, 346, 334]
749 2707 [238, 247, 182, 342, 138, 284, 235, 211, 346, 76, 145, 263]
746 2658 [91, 323, 69, 67, 354, 97, 80, 353, 205, 368, 363, 288]
743 2288 [107, 96, 158, 253, 90, 134, 131, 311, 242, 139, 258, 369]
750 2673 [61, 349, 301, 183, 270, 346, 178, 239, 88, 259, 323, 76]
767 2570 [142, 226, 195, 174, 242, 176, 226, 215, 299, 75, 236, 364]
753 2643 [148, 193, 364, 273, 165, 208, 240, 74, 313, 219, 261, 185]
756 2519 [129, 110, 159, 253, 329, 291, 167, 254, 123, 263, 294, 147]
765 2794 [260, 136, 93, 210, 293, 354, 147, 192, 285, 189, 371, 264]
754 2406 [65, 294, 221, 365, 265, 209, 139, 206, 105, 140, 311, 86]
764 2652 [294, 340, 79, 158, 191, 78, 215, 162, 206, 353, 219, 357]
760 1884 [209, 77, 70, 99, 282, 193, 236, 177, 161, 175, 141, 64]
762 2540 [364, 92, 272, 361, 105, 109, 189, 75, 167, 292, 248, 266]
766 2184 [111, 154, 137, 329, 183, 307, 77, 335, 86, 77, 272, 116]
757 2649 [215, 315, 221, 102, 68, 313, 77, 370, 292, 213, 176, 287]
755 2409 [168, 298, 102, 101, 269, 291, 256, 104, 208, 127, 334, 151]
763 2709 [166, 369, 247, 268, 84, 97, 188, 293, 325, 287, 302, 83]
758 2515 [105, 271, 306, 274, 251, 142, 306, 182, 210, 107, 158, 203]
751 2830 [225, 315, 71, 371, 144, 290, 225, 307, 171, 218, 289, 204]
752 1957 [117, 188, 338, 92, 138, 131, 177, 195, 254, 157, 93, 77]
761 2986 [303, 256, 311, 280, 277, 112, 213, 226, 319, 291, 327, 71]
759 2223 [127, 308, 74, 295, 161, 120, 174, 303, 77, 71, 175, 338]
768 2711 [224, 357, 93, 302, 68, 129, 75, 207, 348, 304, 355, 249]
771 2174 [313, 364, 229, 62, 77, 119, 101, 305, 158, 205, 146, 95]
769 1823 [219, 168, 182, 67, 224, 93, 310, 236, 77, 88, 80, 79]
772 2462 [162, 248, 171, 168, 84, 240, 186, 63, 228, 292, 275, 345]
770 2602 [285, 147, 286, 155, 185, 332, 205, 260, 237, 104, 293, 113]
774 2839 [345, 254, 184, 102, 339, 332, 345, 188, 85, 126, 207, 332]
773 3209 [357, 311, 300, 122, 117, 212, 365, 290, 358, 170, 286, 321]
781 2406 [125, 94, 124, 224, 311, 200, 270, 83, 305, 250, 86, 334]
776 3105 [366, 288, 61, 286, 341, 209, 286, 328, 283, 203, 273, 181]
786 2620 [345, 116, 247, 222, 114, 251, 90, 238, 110, 328, 311, 248]
785 2703 [93, 312, 350, 281, 73, 124, 116, 173, 187, 356, 331, 307]
783 2475 [213, 277, 210, 177, 88, 220, 211, 232, 151, 198, 157, 341]
787 2236 [62, 355, 269, 314, 168, 178, 135, 141, 128, 139, 132, 215]
777 2586 [207, 284, 314, 213, 153, 211, 197, 93, 133, 141, 304, 336]
791 2286 [100, 265, 113, 164, 239, 161, 162, 248, 179, 168, 364, 123]
782 2679 [332, 340, 223, 80, 322, 84, 316, 71, 216, 255, 301, 139]
775 2303 [335, 61, 299, 165, 101, 164, 244, 122, 200, 190, 96, 326]
792 2795 [238, 272, 198, 133, 128, 239, 366, 298, 242, 258, 312, 111]
789 2699 [337, 196, 173, 290, 315, 237, 170, 150, 300, 162, 271, 98]
779 2472 [182, 282, 130, 241, 219, 361, 92, 70, 177, 260, 152, 306]
788 3018 [150, 221, 368, 284, 365, 232, 326, 198, 264, 226, 88, 296]
784 2866 [339, 130, 263, 293, 262, 276, 299, 159, 222, 172, 129, 322]
780 2014 [66, 121, 166, 148, 186, 168, 188, 282, 245, 127, 173, 144]
790 2606 [311, 234, 213, 270, 363, 160, 352, 91, 128, 275, 132, 77]
778 2942 [83, 279, 227, 191, 171, 193, 351, 287, 326, 327, 285, 222]
794 2329 [140, 138, 200, 93, 183, 240, 334, 213, 178, 350, 163, 97]
793 2787 [184, 172, 258, 312, 124, 164, 94, 157, 369, 328, 360, 265]
798 2623 [160, 236, 159, 204, 299, 332, 202, 112, 294, 178, 161, 286]
800 2686 [233, 98, 118, 143, 348, 293, 371, 120, 95, 251, 320, 296]
801 2393 [177, 164, 181, 357, 211, 359, 93, 185, 187, 98, 115, 266]
797 2541 [134, 136, 239, 164, 238, 182, 288, 135, 233, 251, 260, 281]
799 2546 [97, 166, 257, 249, 288, 180, 228, 344, 165, 295, 178, 99]
796 2432 [208, 241, 229, 178, 257, 183, 68, 240, 75, 339, 261, 153]
795 2727 [149, 359, 370, 177, 167, 94, 206, 215, 234, 156, 371, 229]
803 2530 [268, 233, 130, 105, 199, 193, 287, 274, 95, 272, 279, 195]
802 2814 [302, 285, 353, 297, 283, 85, 365, 120, 65, 126, 196, 337]
808 1865 [166, 88, 108, 218, 145, 147, 221, 134, 108, 80, 169, 281]
810 3067 [328, 77, 347, 320, 323, 366, 329, 141, 370, 94, 79, 293]
804 2561 [180, 158, 342, 350, 257, 229, 247, 126, 157, 85, 245, 185]
806 2395 [150, 112, 86, 116, 222, 289, 105, 320, 91, 290, 366, 248]
815 2459 [111, 357, 154, 61, 331, 139, 116, 135, 293, 328, 87, 347]
807 2835 [80, 355, 135, 364, 236, 281, 191, 326, 261, 204, 244, 158]
809 1918 [92, 190, 268, 64, 105, 166, 84, 287, 70, 302, 229, 61]
814 2469 [218, 278, 179, 225, 264, 261, 190, 200, 140, 212, 98, 204]
811 2461 [208, 227, 86, 190, 295, 233, 252, 332, 147, 211, 75, 205]
812 1987 [202, 85, 187, 77, 304, 257, 65, 214, 152, 72, 174, 198]
813 2115 [70, 330, 178, 86, 219, 256, 339, 70, 74, 309, 67, 117]
805 3142 [325, 78, 231, 234, 313, 314, 313, 218, 284, 270, 283, 279]
817 2754 [76, 367, 217, 235, 171, 89, 326, 99, 338, 277, 213, 346]
819 2885 [219, 347, 310, 65, 267, 255, 365, 283, 100, 263, 88, 323]
820 2772 [165, 276, 270, 126, 367, 317, 333, 258, 237, 87, 218, 118]
816 2286 [315, 110, 77, 119, 276, 173, 146, 85, 113, 364, 334, 174]
818 2979 [295, 333, 138, 255, 361, 146, 283, 336, 312, 76, 254, 190]
821 2101 [79, 186, 312, 233, 109, 268, 115, 210, 119, 165, 231, 74]
823 3115 [369, 226, 224, 99, 313, 368, 347, 352, 347, 109, 275, 86]
822 2723 [265, 258, 211, 169, 252, 233, 366, 137, 241, 189, 330, 72]
826 2361 [82, 325, 197, 166, 167, 136, 120, 229, 241, 97, 305, 296]
825 2943 [269, 166, 238, 347, 135, 213, 192, 330, 358, 212, 352, 131]
824 2082 [61, 74, 75, 152, 300, 251, 258, 118, 212, 269, 131, 181]
827 2839 [337, 127, 68, 334, 367, 142, 201, 249, 190, 230, 352, 242]
828 2372 [161, 104, 227, 124, 61, 302, 137, 184, 340, 290, 293, 149]
831 2771 [346, 159, 354, 334, 341, 185, 137, 278, 108, 164, 292, 73]
842 2879 [311, 312, 332, 360, 329, 138, 219, 237, 130, 147, 165, 199]
833 2747 [345, 110, 271, 258, 245, 65, 368, 321, 132, 88, 285, 259]
834 2198 [93, 122, 214, 228, 232, 207, 139, 146, 120, 338, 222, 137]
837 2692 [254, 125, 169, 331, 71, 188, 342, 329, 180, 84, 330, 289]
832 2722 [69, 156, 261, 296, 227, 189, 112, 300, 245, 291, 258, 318]
836 2211 [126, 272, 74, 193, 135, 306, 197, 97, 360, 152, 112, 187]
846 3157 [70, 101, 361, 229, 370, 283, 307, 266, 188, 328, 283, 371]
829 2938 [262, 262, 170, 296, 227, 341, 259, 148, 115, 363, 164, 331]
830 2866 [143, 340, 278, 235, 307, 204, 244, 232, 225, 62, 232, 364]
838 2183 [121, 121, 367, 231, 353, 202, 78, 173, 95, 148, 187, 107]
840 2847 [317, 335, 361, 88, 301, 190, 62, 275, 169, 251, 283, 215]
841 2425 [212, 348, 134, 255, 349, 93, 104, 140, 215, 250, 222, 103]
845 1809 [298, 157, 61, 204, 105, 125, 249, 99, 106, 100, 113, 192]
839 2755 [309, 272, 224, 172, 131, 237, 295, 141, 178, 290, 272, 234]
835 2796 [69, 343, 363, 150, 244, 239, 351, 324, 216, 267, 120, 110]
843 2544 [88, 345, 226, 182, 218, 320, 182, 90, 99, 308, 199, 287]
844 2882 [276, 183, 279, 294, 322, 230, 363, 244, 152, 158, 168, 213]
847 2791 [209, 172, 204, 288, 328, 233, 215, 207, 216, 278, 321, 120]
848 2489 [332, 108, 160, 112, 266, 137, 350, 246, 270, 192, 219, 97]
850 2858 [173, 333, 361, 253, 66, 283, 267, 203, 154, 164, 302, 299]
851 2890 [223, 336, 224, 214, 233, 234, 228, 67, 169, 304, 323, 335]
852 2693 [327, 83, 172, 122, 190, 180, 317, 97, 145, 329, 369, 362]
849 2305 [214, 74, 246, 282, 253, 146, 188, 210, 111, 127, 305, 149]
853 2740 [330, 234, 96, 166, 75, 234, 256, 354, 310, 117, 206, 362]
854 2679 [370, 338, 251, 163, 80, 63, 323, 321, 200, 131, 221, 218]
855 3364 [371, 306, 350, 327, 315, 180, 179, 166, 358, 282, 228, 302]
856 2564 [218, 73, 61, 352, 205, 156, 150, 371, 159, 334, 349, 136]
871 2800 [308, 238, 156, 208, 240, 366, 194, 169, 251, 276, 272, 122]
861 2897 [90, 291, 361, 292, 192, 303, 107, 223, 305, 273, 307, 153]
860 2724 [254, 328, 254, 358, 143, 366, 197, 134, 370, 181, 71, 68]
867 2276 [239, 148, 88, 340, 269, 207, 193, 71, 212, 84, 157, 268]
863 2674 [160, 295, 105, 358, 286, 153, 85, 264, 182, 236, 271, 279]
858 2634 [196, 352, 201, 164, 245, 357, 275, 223, 206, 88, 61, 266]
864 2151 [155, 127, 327, 302, 89, 353, 219, 94, 117, 177, 120, 71]
868 2923 [137, 201, 200, 357, 210, 317, 219, 304, 315, 288, 167, 208]
866 2332 [119, 62, 212, 163, 342, 261, 274, 242, 170, 207, 74, 206]
857 2857 [195, 136, 253, 309, 136, 226, 299, 233, 263, 310, 290, 207]
859 2491 [93, 74, 297, 174, 107, 287, 352, 74, 346, 110, 367, 210]
869 2490 [345, 225, 126, 95, 176, 87, 367, 147, 106, 310, 228, 278]
872 2300 [156, 99, 149, 179, 327, 337, 217, 130, 122, 147, 349, 88]
870 2407 [90, 272, 101, 280, 347, 134, 241, 265, 233, 173, 209, 62]
865 2762 [340, 370, 117, 309, 168, 132, 81, 300, 233, 134, 297, 281]
862 2308 [89, 112, 123, 271, 181, 126, 122, 344, 134, 329, 368, 109]
873 2370 [263, 248, 108, 309, 191, 86, 208, 228, 175, 199, 282, 73]
874 2806 [348, 363, 114, 222, 152, 122, 337, 301, 61, 127, 303, 356]
877 2543 [169, 138, 294, 285, 204, 343, 117, 312, 115, 61, 202, 303]
876 2431 [204, 139, 165, 196, 109, 345, 185, 252, 258, 114, 270, 194]
875 2781 [101, 313, 276, 107, 217, 129, 356, 225, 194, 317, 303, 243]
878 2719 [81, 367, 235, 229, 133, 283, 234, 365, 322, 162, 215, 93]
879 2328 [174, 296, 350, 155, 364, 149, 105, 162, 238, 90, 88, 157]
880 2268 [125, 65, 73, 332, 262, 91, 104, 242, 143, 342, 330, 159]
883 3085 [244, 220, 230, 279, 301, 323, 181, 234, 337, 319, 74, 343]
882 2563 [147, 195, 211, 358, 65, 184, 172, 163, 329, 335, 324, 80]
881 2814 [64, 313, 89, 216, 306, 358, 328, 209, 280, 252, 298, 101]
884 2627 [333, 112, 250, 123, 206, 197, 311, 224, 282, 289, 87, 213]
890 1848 [120, 96, 96, 77, 63, 106, 74, 149, 212, 338, 200, 317]
888 2062 [357, 254, 138, 95, 232, 172, 171, 73, 171, 100, 142, 157]
898 2267 [276, 143, 116, 258, 187, 191, 97, 345, 81, 304, 70, 199]
887 2897 [65, 327, 359, 360, 94, 203, 218, 352, 246, 340, 74, 259]
896 2732 [317, 306, 307, 101, 293, 337, 276, 272, 163, 74, 109, 177]
893 2774 [335, 141, 200, 124, 246, 109, 107, 250, 289, 337, 266, 370]
892 2985 [269, 365, 331, 214, 232, 203, 248, 344, 236, 218, 227, 98]
886 2243 [61, 125, 185, 136, 220, 221, 317, 244, 248, 116, 169, 201]
891 2661 [346, 298, 171, 144, 203, 313, 93, 310, 176, 75, 322, 210]
885 2184 [126, 94, 117, 203, 120, 141, 231, 155, 201, 350, 210, 236]
889 2006 [110, 128, 61, 170, 70, 118, 311, 82, 218, 263, 241, 234]
895 2637 [92, 61, 327, 279, 245, 87, 128, 224, 318, 239, 358, 279]
894 2992 [370, 206, 313, 336, 225, 70, 262, 257, 68, 252, 334, 299]
897 2923 [276, 76, 127, 234, 314, 229, 190, 364, 265, 189, 360, 299]
900 2573 [148, 110, 166, 191, 343, 211, 252, 298, 253, 157, 349, 95]
899 2183 [363, 99, 177, 151, 117, 165, 129, 160, 280, 163, 126, 253]
904 2385 [245, 122, 192, 319, 152, 110, 254, 144, 202, 273, 202, 170]
902 3011 [284, 211, 264, 237, 185, 351, 349, 257, 68, 236, 354, 215]
905 2979 [120, 154, 103, 296, 283, 364, 350, 326, 371, 250, 178, 184]
903 3069 [298, 174, 370, 366, 90, 170, 331, 230, 232, 248, 218, 342]
901 2282 [172, 367, 228, 216, 234, 87, 113, 352, 63, 202, 147, 101]
907 2003 [199, 161, 146, 241, 97, 65, 293, 102, 70, 196, 198, 235]
906 2813 [91, 299, 193, 286, 371, 64, 361, 319, 137, 361, 100, 231]
908 2691 [368, 67, 193, 299, 86, 329, 171, 271, 126, 195, 347, 239]
910 2841 [107, 314, 170, 210, 226, 331, 301, 281, 302, 290, 191, 118]
909 2649 [319, 112, 293, 94, 97, 111, 287, 313, 259, 371, 151, 242]
915 2829 [310, 232, 71, 241, 232, 321, 199, 195, 118, 344, 227, 339]
917 2692 [242, 120, 222, 61, 316, 155, 322, 130, 317, 324, 242, 241]
913 2665 [87, 249, 107, 314, 342, 349, 281, 220, 141, 81, 336, 158]
912 2507 [224, 161, 85, 270, 86, 119, 207, 216, 255, 356, 281, 247]
914 2924 [289, 334, 182, 322, 80, 266, 259, 323, 208, 346, 177, 138]
919 2487 [340, 159, 223, 340, 176, 161, 173, 240, 202, 64, 163, 246]
916 2600 [278, 239, 97, 280, 258, 282, 162, 310, 302, 63, 242, 87]
911 2553 [370, 201, 316, 140, 91, 308, 282, 195, 269, 119, 61, 201]
918 2657 [362, 160, 79, 320, 108, 194, 345, 80, 231, 327, 106, 345]
925 2157 [240, 174, 138, 192, 108, 126, 367, 151, 153, 100, 132, 276]
923 2454 [207, 294, 62, 84, 129, 288, 180, 323, 370, 119, 209, 189]
920 2591 [98, 289, 256, 206, 349, 371, 202, 76, 139, 229, 102, 274]
922 2820 [68, 293, 322, 345, 317, 337, 209, 86, 154, 288, 164, 237]
926 2887 [296, 123, 198, 366, 269, 77, 210, 204, 209, 314, 334, 287]
921 2184 [103, 361, 103, 163, 61, 74, 203, 306, 235, 61, 348, 166]
927 2930 [351, 151, 340, 351, 269, 175, 162, 121, 363, 150, 224, 273]
924 2512 [171, 111, 185, 272, 282, 142, 290, 155, 215, 339, 77, 273]
928 2411 [136, 363, 289, 266, 158, 185, 204, 231, 121, 307, 61, 90]
929 2431 [180, 335, 103, 150, 248, 253, 352, 95, 186, 145, 302, 82]
930 2253 [274, 216, 77, 111, 275, 212, 260, 167, 123, 181, 273, 84]
931 2484 [139, 202, 334, 309, 131, 350, 302, 70, 81, 302, 149, 115]
932 2437 [280, 82, 179, 171, 229, 159, 260, 137, 148, 297, 340, 155]
933 2347 [74, 358, 81, 104, 168, 260, 209, 270, 113, 253, 173, 284]
934 3136 [228, 367, 365, 335, 300, 86, 211, 65, 285, 262, 339, 293]
935 2571 [232, 315, 88, 305, 319, 173, 122, 311, 104, 107, 151, 344]
936 2520 [170, 285, 72, 263, 218, 168, 158, 224, 233, 330, 136, 263]
938 2294 [69, 147, 165, 224, 234, 120, 336, 332, 133, 81, 252, 201]
937 2747 [296, 333, 241, 280, 91, 241, 194, 292, 201, 130, 244, 204]
946 2917 [167, 214, 323, 281, 283, 183, 299, 184, 333, 139, 181, 330]
943 2678 [85, 266, 324, 275, 84, 177, 321, 72, 326, 222, 337, 189]
939 2575 [117, 240, 199, 304, 190, 245, 158, 301, 219, 65, 346, 191]
940 2260 [72, 262, 135, 196, 267, 352, 145, 152, 108, 340, 119, 112]
942 2480 [169, 324, 272, 158, 294, 293, 240, 301, 64, 162, 108, 95]
947 2367 [98, 279, 70, 265, 95, 90, 220, 107, 198, 369, 234, 342]
941 2711 [237, 268, 240, 290, 97, 191, 84, 172, 281, 273, 331, 247]
944 2652 [97, 169, 111, 219, 350, 336, 175, 364, 193, 359, 216, 63]
945 2515 [353, 226, 180, 361, 297, 221, 67, 255, 143, 122, 204, 86]
951 2206 [150, 252, 86, 202, 145, 69, 220, 345, 108, 277, 148, 204]
950 2864 [369, 354, 72, 77, 335, 194, 329, 349, 280, 283, 131, 91]
948 2125 [254, 114, 112, 141, 347, 202, 195, 98, 106, 78, 274, 204]
949 2409 [244, 314, 146, 88, 345, 298, 177, 211, 74, 69, 181, 262]
952 2760 [64, 74, 307, 316, 278, 278, 219, 352, 114, 324, 116, 318]
957 2993 [127, 169, 156, 243, 359, 135, 357, 267, 260, 224, 349, 347]
960 2507 [80, 217, 153, 206, 300, 283, 229, 227, 344, 244, 163, 61]
955 2923 [322, 233, 250, 268, 319, 212, 101, 342, 192, 152, 265, 267]
963 2363 [61, 365, 70, 329, 271, 132, 124, 277, 94, 208, 69, 363]
953 2638 [222, 352, 94, 179, 137, 264, 251, 336, 227, 80, 185, 311]
971 2308 [123, 115, 308, 187, 316, 285, 213, 183, 293, 94, 130, 61]
956 2414 [339, 280, 302, 61, 232, 174, 210, 242, 83, 69, 268, 154]
958 2456 [101, 329, 162, 259, 107, 299, 266, 265, 177, 303, 115, 73]
965 3155 [239, 149, 343, 229, 331, 367, 347, 308, 299, 96, 305, 142]
970 3153 [145, 232, 318, 352, 162, 231, 259, 366, 342, 283, 195, 268]
967 2313 [206, 157, 257, 150, 81, 321, 71, 214, 301, 173, 119, 263]
962 2209 [156, 292, 92, 219, 121, 121, 65, 260, 369, 81, 136, 297]
954 2934 [215, 340, 286, 239, 315, 254, 164, 287, 321, 342, 91, 80]
959 3004 [134, 358, 116, 306, 167, 107, 286, 199, 370, 362, 354, 245]
968 2912 [84, 317, 134, 352, 324, 167, 362, 153, 344, 182, 251, 242]
966 2585 [271, 321, 227, 317, 274, 155, 138, 230, 147, 209, 128, 168]
969 2295 [197, 75, 97, 275, 322, 193, 156, 214, 289, 82, 165, 230]
961 2251 [154, 96, 333, 183, 74, 267, 300, 107, 115, 156, 363, 103]
964 2467 [126, 86, 206, 239, 333, 192, 184, 168, 73, 306, 226, 328]
972 2762 [261, 236, 261, 328, 246, 88, 333, 193, 135, 131, 315, 235]
977 2324 [135, 224, 99, 209, 334, 241, 191, 262, 177, 292, 74, 86]
974 2654 [362, 76, 106, 295, 369, 141, 70, 319, 322, 369, 72, 153]
973 2878 [233, 95, 167, 275, 196, 275, 283, 148, 366, 235, 255, 350]
975 2482 [209, 133, 68, 175, 333, 266, 246, 287, 99, 303, 132, 231]
976 3005 [101, 284, 316, 365, 135, 137, 297, 305, 349, 340, 237, 139]
978 2611 [124, 248, 97, 208, 243, 162, 338, 356, 73, 217, 226, 319]
981 2821 [300, 334, 175, 183, 305, 326, 262, 283, 180, 100, 81, 292]
986 2665 [284, 259, 172, 223, 184, 316, 164, 69, 159, 307, 180, 348]
988 2725 [157, 145, 206, 107, 263, 327, 362, 181, 269, 158, 366, 184]
982 2996 [254, 191, 360, 248, 332, 180, 258, 313, 61, 310, 354, 135]
979 2372 [235, 350, 281, 159, 93, 114, 206, 85, 62, 319, 357, 111]
987 3204 [208, 206, 363, 235, 227, 256, 332, 254, 112, 302, 339, 370]
989 2245 [270, 338, 158, 147, 167, 210, 93, 207, 165, 230, 115, 145]
990 2432 [281, 287, 321, 345, 105, 106, 146, 230, 84, 79, 84, 364]
980 2376 [156, 119, 146, 224, 308, 157, 367, 308, 91, 112, 213, 175]
996 2946 [221, 128, 314, 101, 244, 300, 101, 281, 371, 365, 231, 289]
991 2466 [159, 268, 104, 175, 307, 360, 77, 194, 244, 116, 352, 110]
985 2755 [131, 231, 303, 302, 80, 239, 218, 312, 229, 337, 125, 248]
992 2831 [226, 281, 111, 314, 92, 251, 135, 329, 207, 291, 363, 231]
983 2637 [263, 118, 324, 223, 309, 333, 86, 333, 76, 73, 338, 161]
998 2682 [157, 234, 335, 360, 136, 179, 81, 168, 136, 341, 201, 354]
993 2540 [201, 239, 150, 161, 330, 231, 315, 122, 146, 65, 303, 277]
984 2518 [324, 338, 249, 146, 348, 216, 72, 151, 273, 92, 176, 133]
994 3447 [365, 134, 282, 349, 344, 341, 352, 362, 319, 225, 102, 272]
995 2521 [199, 70, 354, 108, 190, 208, 318, 69, 177, 279, 234, 315]
999 2227 [287, 63, 167, 172, 169, 191, 89, 196, 247, 118, 258, 270]
997 2669 [288, 82, 329, 186, 252, 316, 126, 283, 148, 340, 116, 203]
1000 2541 [181, 94, 307, 266, 144, 252, 266, 269, 254, 210, 177, 121]
