2 2748 [93, 79, 363, 294, 265, 311, 92, 81, 314, 270, 322, 264]
5 2982 [230, 297, 93, 322, 245, 111, 233, 312, 359, 165, 248, 367]
4 3077 [352, 161, 284, 79, 327, 269, 333, 145, 314, 226, 321, 266]
1 2503 [236, 182, 325, 111, 113, 218, 94, 191, 263, 224, 181, 365]
3 2384 [110, 276, 101, 207, 202, 213, 70, 234, 288, 296, 305, 82]
6 2613 [96, 239, 123, 92, 273, 334, 314, 237, 323, 317, 150, 115]
7 2662 [170, 162, 300, 330, 173, 321, 254, 301, 138, 155, 280, 78]
9 2607 [100, 327, 95, 350, 327, 87, 348, 165, 146, 153, 153, 356]
8 3254 [154, 379, 251, 284, 148, 323, 355, 300, 249, 362, 207, 242]
10 2496 [230, 269, 115, 307, 75, 200, 283, 114, 226, 299, 185, 193]
11 2586 [111, 330, 338, 200, 341, 183, 206, 74, 295, 102, 79, 327]
12 2589 [124, 368, 144, 223, 123, 132, 349, 139, 366, 163, 257, 201]
13 2448 [187, 166, 342, 342, 197, 301, 194, 160, 106, 125, 254, 74]
14 2021 [259, 168, 186, 189, 108, 121, 115, 248, 149, 175, 165, 138]
16 2735 [210, 188, 75, 340, 364, 93, 300, 121, 335, 314, 125, 270]
15 2803 [142, 149, 339, 273, 264, 86, 233, 366, 277, 297, 134, 243]
17 2963 [342, 228, 187, 264, 267, 209, 279, 343, 322, 117, 132, 273]
18 2542 [199, 88, 285, 236, 172, 144, 306, 327, 194, 196, 288, 107]
19 2263 [199, 259, 70, 106, 314, 111, 234, 271, 269, 95, 164, 171]
20 2544 [261, 271, 156, 152, 323, 234, 295, 110, 157, 264, 72, 249]
21 2738 [70, 94, 249, 88, 91, 222, 358, 308, 271, 353, 325, 309]
22 2272 [89, 321, 87, 350, 136, 361, 221, 202, 185, 95, 151, 74]
24 2444 [143, 119, 208, 342, 121, 147, 202, 289, 135, 278, 280, 180]
23 2742 [380, 330, 380, 202, 74, 159, 179, 269, 99, 119, 366, 185]
25 2275 [135, 142, 273, 135, 315, 79, 359, 80, 220, 78, 260, 199]
26 2547 [187, 354, 92, 132, 320, 183, 201, 236, 315, 259, 159, 109]
27 2262 [70, 107, 184, 132, 146, 350, 280, 370, 72, 100, 149, 302]
28 2228 [87, 256, 143, 248, 194, 109, 144, 307, 236, 202, 218, 84]
29 2723 [350, 314, 105, 186, 126, 229, 353, 239, 248, 121, 251, 201]
31 2648 [125, 181, 170, 111, 229, 282, 188, 281, 238, 306, 344, 193]
30 3079 [365, 170, 221, 344, 140, 283, 229, 368, 266, 315, 197, 181]
32 2670 [274, 93, 143, 202, 373, 155, 265, 204, 321, 340, 85, 215]
33 2296 [279, 74, 171, 244, 76, 330, 84, 208, 72, 331, 97, 330]
34 3069 [292, 177, 195, 349, 305, 270, 99, 328, 364, 373, 123, 194]
35 1995 [125, 98, 107, 194, 244, 191, 165, 119, 75, 252, 156, 269]
36 2648 [160, 377, 83, 303, 334, 286, 212, 95, 244, 211, 76, 267]
37 2346 [70, 156, 70, 334, 232, 220, 128, 263, 160, 374, 220, 119]
39 2897 [191, 93, 345, 127, 287, 80, 292, 256, 347, 332, 189, 358]
38 3007 [317, 238, 174, 340, 279, 126, 297, 340, 184, 302, 299, 111]
40 3144 [313, 330, 234, 111, 295, 325, 272, 90, 358, 83, 365, 368]
41 2753 [343, 352, 283, 243, 290, 150, 266, 241, 158, 120, 167, 140]
42 1998 [141, 255, 209, 153, 271, 135, 71, 203, 77, 104, 228, 151]
44 2795 [216, 357, 188, 371, 97, 198, 326, 297, 170, 136, 287, 152]
43 2967 [306, 89, 226, 231, 231, 335, 223, 189, 365, 309, 113, 350]
46 2785 [363, 352, 133, 230, 196, 364, 77, 81, 112, 377, 241, 259]
45 2852 [152, 378, 171, 126, 173, 354, 323, 353, 289, 117, 201, 215]
47 2729 [200, 306, 232, 137, 363, 376, 166, 349, 261, 77, 130, 132]
48 2229 [268, 161, 156, 89, 295, 220, 80, 265, 122, 272, 130, 171]
49 2832 [76, 324, 360, 134, 272, 287, 265, 280, 203, 247, 278, 106]
50 2955 [282, 196, 345, 360, 87, 208, 298, 354, 160, 118, 354, 193]
51 3097 [108, 241, 359, 356, 280, 220, 247, 304, 373, 167, 293, 149]
52 2281 [141, 169, 246, 244, 204, 230, 105, 242, 147, 262, 85, 206]
53 2960 [70, 237, 152, 219, 234, 189, 368, 315, 272, 253, 285, 366]
54 2862 [258, 343, 140, 313, 151, 217, 283, 94, 302, 206, 216, 339]
55 2942 [291, 74, 137, 367, 213, 125, 340, 314, 315, 370, 272, 124]
56 3157 [79, 103, 273, 280, 376, 323, 372, 140, 357, 362, 176, 316]
57 2865 [198, 184, 217, 120, 343, 361, 316, 167, 216, 250, 169, 324]
58 3206 [345, 244, 370, 255, 152, 287, 296, 255, 319, 161, 229, 293]
60 3083 [130, 254, 249, 289, 376, 322, 159, 121, 122, 351, 380, 330]
59 3193 [185, 336, 287, 311, 256, 83, 298, 304, 157, 297, 304, 375]
61 2887 [260, 231, 129, 371, 291, 266, 129, 264, 312, 230, 280, 124]
62 2957 [348, 204, 278, 88, 96, 220, 335, 374, 88, 297, 261, 368]
63 2689 [361, 210, 269, 124, 189, 266, 199, 157, 239, 85, 301, 289]
64 3583 [291, 332, 352, 257, 354, 349, 366, 134, 215, 353, 363, 217]
65 2717 [87, 124, 199, 311, 111, 171, 305, 250, 136, 376, 272, 375]
66 2885 [84, 261, 362, 305, 150, 111, 282, 356, 238, 254, 289, 193]
67 1807 [107, 89, 182, 107, 111, 139, 102, 70, 347, 80, 189, 284]
68 2767 [308, 352, 83, 264, 92, 231, 227, 263, 145, 225, 307, 270]
70 2963 [349, 105, 169, 380, 361, 249, 284, 119, 271, 260, 117, 299]
71 2603 [206, 245, 178, 218, 179, 206, 135, 88, 352, 246, 225, 325]
69 2476 [260, 133, 263, 78, 158, 316, 247, 336, 264, 192, 71, 158]
72 2876 [180, 266, 344, 106, 223, 293, 183, 330, 359, 227, 145, 220]
73 2576 [177, 98, 265, 139, 307, 289, 190, 157, 331, 138, 316, 169]
74 2649 [229, 161, 224, 101, 281, 357, 99, 304, 308, 150, 167, 268]
76 2495 [88, 250, 203, 155, 312, 226, 234, 339, 76, 135, 203, 274]
75 2983 [136, 289, 200, 212, 89, 325, 374, 350, 317, 266, 129, 296]
77 2475 [318, 154, 269, 231, 130, 114, 335, 111, 239, 246, 132, 196]
78 2519 [128, 70, 313, 198, 367, 139, 314, 272, 371, 188, 77, 82]
79 2677 [178, 206, 190, 199, 98, 281, 241, 100, 224, 334, 373, 253]
80 2810 [323, 215, 93, 268, 359, 88, 127, 289, 336, 122, 330, 260]
81 3133 [205, 172, 342, 113, 282, 332, 347, 134, 259, 347, 305, 295]
82 2912 [182, 131, 370, 185, 169, 332, 261, 244, 241, 372, 292, 133]
83 2973 [301, 226, 209, 380, 306, 200, 206, 281, 78, 140, 295, 351]
84 2810 [116, 315, 276, 125, 115, 336, 226, 215, 343, 377, 118, 248]
85 3153 [166, 75, 329, 364, 331, 378, 130, 343, 296, 343, 277, 121]
86 2551 [281, 197, 130, 218, 91, 210, 252, 102, 201, 284, 371, 214]
88 3019 [347, 137, 330, 350, 190, 359, 357, 286, 151, 105, 153, 254]
87 2743 [223, 189, 227, 367, 215, 156, 205, 173, 309, 310, 132, 237]
90 3285 [219, 259, 341, 356, 294, 76, 374, 180, 218, 359, 347, 262]
92 2646 [308, 119, 165, 231, 298, 305, 192, 92, 347, 174, 326, 89]
89 2213 [313, 260, 111, 161, 124, 89, 338, 122, 114, 314, 138, 129]
91 2400 [94, 340, 232, 125, 230, 104, 320, 367, 83, 71, 115, 319]
95 2509 [83, 129, 231, 187, 175, 141, 352, 217, 118, 252, 359, 265]
97 2593 [262, 206, 316, 312, 209, 105, 322, 106, 277, 191, 106, 181]
96 3029 [260, 307, 181, 234, 376, 177, 255, 355, 116, 219, 209, 340]
98 2424 [78, 193, 122, 216, 265, 223, 85, 243, 276, 136, 325, 262]
93 3070 [274, 295, 131, 110, 139, 240, 370, 247, 331, 242, 376, 315]
100 2511 [155, 115, 356, 270, 252, 112, 100, 130, 301, 368, 215, 137]
94 2667 [201, 358, 130, 224, 128, 346, 109, 279, 120, 173, 346, 253]
99 2433 [196, 244, 172, 81, 97, 284, 346, 135, 115, 301, 369, 93]
101 2020 [173, 132, 79, 298, 73, 93, 199, 106, 147, 321, 187, 212]
102 2556 [96, 101, 113, 304, 201, 177, 343, 197, 380, 288, 204, 152]
103 2893 [72, 238, 318, 172, 108, 345, 276, 249, 86, 338, 365, 326]
104 3041 [114, 374, 290, 313, 182, 277, 181, 265, 220, 347, 211, 267]
105 2851 [365, 286, 165, 130, 289, 105, 253, 80, 279, 313, 343, 243]
106 3364 [236, 364, 198, 175, 347, 341, 299, 301, 319, 329, 217, 238]
107 2447 [303, 162, 196, 178, 324, 126, 122, 321, 256, 194, 172, 93]
108 2618 [125, 210, 367, 91, 350, 345, 228, 140, 104, 173, 131, 354]
109 2429 [144, 370, 237, 92, 124, 375, 75, 217, 127, 363, 75, 230]
110 2657 [220, 73, 307, 206, 240, 288, 336, 103, 235, 146, 247, 256]
111 2606 [310, 155, 263, 282, 249, 136, 102, 372, 237, 222, 70, 208]
112 3163 [174, 350, 339, 310, 266, 358, 178, 188, 231, 173, 235, 361]
113 2848 [311, 208, 256, 200, 118, 325, 348, 102, 323, 114, 263, 280]
114 2750 [272, 135, 315, 323, 143, 302, 231, 159, 336, 115, 201, 218]
115 2232 [85, 258, 170, 81, 278, 128, 81, 191, 236, 135, 339, 250]
117 2600 [226, 332, 287, 337, 240, 233, 117, 103, 116, 157, 276, 176]
116 2491 [73, 239, 377, 192, 190, 326, 259, 190, 196, 82, 193, 174]
118 2715 [104, 256, 375, 160, 168, 213, 191, 298, 224, 246, 132, 348]
119 2624 [204, 207, 161, 234, 219, 232, 242, 179, 363, 152, 169, 262]
120 2784 [160, 285, 217, 336, 123, 284, 249, 353, 188, 74, 174, 341]
121 2501 [160, 141, 188, 302, 81, 317, 85, 289, 340, 198, 271, 129]
123 2940 [350, 189, 292, 324, 106, 297, 106, 138, 175, 352, 258, 353]
122 3092 [336, 369, 129, 360, 273, 216, 187, 368, 208, 230, 269, 147]
126 2575 [302, 241, 226, 208, 98, 274, 135, 210, 132, 249, 256, 244]
128 2632 [166, 207, 137, 221, 289, 185, 279, 98, 276, 194, 222, 358]
125 2918 [213, 341, 189, 113, 225, 360, 195, 324, 314, 105, 237, 302]
124 3160 [330, 362, 319, 221, 358, 230, 357, 359, 107, 252, 97, 168]
127 2667 [342, 79, 173, 177, 313, 86, 355, 192, 249, 144, 198, 359]
129 2167 [112, 87, 116, 200, 192, 132, 104, 225, 217, 308, 344, 130]
130 2548 [223, 255, 80, 103, 262, 357, 293, 354, 244, 192, 72, 113]
131 2684 [373, 273, 267, 150, 207, 100, 160, 332, 209, 275, 72, 266]
132 2734 [275, 244, 122, 275, 174, 376, 217, 83, 232, 323, 198, 215]
133 2383 [213, 165, 253, 97, 282, 164, 204, 162, 172, 179, 197, 295]
134 2929 [358, 155, 335, 356, 200, 124, 379, 182, 188, 287, 191, 174]
135 2232 [280, 160, 335, 107, 136, 141, 279, 180, 285, 88, 160, 81]
138 2568 [178, 285, 346, 213, 222, 246, 224, 180, 188, 143, 111, 232]
136 2307 [205, 123, 107, 376, 135, 70, 132, 205, 328, 192, 242, 192]
137 2711 [82, 259, 344, 99, 353, 371, 128, 319, 274, 152, 179, 151]
139 2762 [81, 149, 343, 376, 277, 121, 363, 152, 319, 222, 227, 132]
140 3075 [323, 139, 330, 113, 294, 375, 340, 112, 318, 309, 202, 220]
142 2651 [333, 157, 354, 328, 77, 172, 202, 163, 352, 236, 75, 202]
141 2208 [110, 264, 111, 141, 123, 355, 191, 160, 131, 124, 345, 153]
143 2705 [374, 305, 267, 244, 359, 76, 143, 99, 113, 209, 323, 193]
144 2236 [109, 130, 75, 158, 168, 216, 282, 365, 192, 225, 92, 224]
145 2718 [300, 277, 271, 151, 280, 167, 196, 327, 360, 130, 167, 92]
146 2731 [250, 228, 119, 181, 267, 307, 348, 240, 218, 111, 157, 305]
147 3019 [368, 243, 122, 260, 211, 131, 362, 253, 365, 324, 89, 291]
148 2317 [156, 260, 168, 301, 205, 264, 235, 348, 71, 74, 121, 114]
150 2372 [84, 237, 205, 99, 176, 237, 344, 290, 245, 97, 288, 70]
149 2569 [339, 193, 161, 197, 349, 149, 183, 227, 137, 246, 140, 248]
151 2863 [222, 335, 308, 90, 369, 146, 104, 291, 325, 113, 363, 197]
152 2427 [257, 234, 198, 167, 285, 195, 237, 213, 361, 102, 70, 108]
153 2688 [129, 353, 255, 71, 315, 364, 262, 210, 128, 325, 200, 76]
154 2620 [121, 307, 185, 110, 197, 375, 336, 98, 183, 190, 190, 328]
156 3168 [344, 204, 131, 230, 376, 167, 85, 375, 241, 335, 328, 352]
155 2287 [177, 163, 206, 116, 150, 286, 151, 219, 245, 212, 210, 152]
157 2372 [92, 273, 70, 334, 131, 331, 91, 144, 340, 311, 137, 118]
158 2575 [340, 215, 146, 118, 144, 348, 83, 84, 128, 331, 340, 298]
159 2954 [258, 372, 172, 314, 156, 167, 369, 74, 374, 180, 361, 157]
160 3054 [277, 161, 368, 342, 81, 366, 127, 301, 260, 81, 380, 310]
162 2778 [271, 79, 129, 192, 333, 309, 363, 252, 211, 169, 259, 211]
163 2261 [197, 116, 78, 256, 77, 95, 313, 99, 162, 267, 227, 374]
161 2405 [239, 125, 291, 174, 147, 105, 88, 291, 185, 297, 89, 374]
164 2661 [271, 346, 156, 376, 250, 223, 169, 168, 124, 348, 70, 160]
165 2625 [225, 105, 71, 326, 211, 301, 301, 269, 150, 282, 101, 283]
166 3252 [360, 267, 324, 342, 283, 129, 243, 216, 279, 311, 176, 322]
167 2654 [335, 346, 196, 85, 303, 267, 94, 203, 78, 365, 292, 90]
168 2874 [259, 171, 177, 359, 195, 85, 175, 281, 375, 119, 355, 323]
170 2180 [167, 111, 272, 231, 105, 161, 207, 178, 195, 108, 158, 287]
171 2697 [126, 118, 375, 291, 165, 87, 230, 244, 84, 363, 379, 235]
169 2664 [79, 108, 335, 160, 222, 232, 282, 166, 92, 311, 347, 330]
173 2533 [127, 92, 298, 296, 263, 221, 209, 201, 113, 375, 168, 170]
172 2489 [73, 130, 164, 321, 365, 251, 172, 83, 294, 231, 179, 226]
174 2786 [307, 341, 335, 176, 236, 111, 287, 314, 136, 134, 175, 234]
175 2226 [130, 194, 281, 266, 333, 102, 126, 110, 258, 87, 120, 219]
176 2561 [95, 379, 237, 354, 203, 113, 73, 240, 113, 221, 193, 340]
177 3217 [243, 125, 166, 345, 318, 322, 296, 311, 200, 373, 262, 256]
179 2473 [100, 324, 166, 97, 333, 234, 126, 263, 257, 353, 92, 128]
178 2578 [247, 375, 347, 376, 268, 112, 135, 213, 74, 200, 79, 152]
180 2921 [249, 197, 348, 333, 325, 312, 270, 138, 297, 91, 226, 135]
181 2709 [322, 174, 201, 294, 237, 165, 166, 235, 90, 108, 353, 364]
182 2573 [83, 156, 358, 130, 325, 217, 212, 278, 226, 210, 86, 292]
184 2203 [311, 72, 123, 95, 252, 74, 229, 100, 213, 317, 328, 89]
185 2739 [156, 130, 320, 132, 236, 355, 268, 271, 227, 267, 241, 136]
183 2669 [261, 121, 164, 86, 264, 136, 207, 174, 367, 264, 344, 281]
186 2300 [246, 84, 102, 332, 97, 197, 296, 78, 214, 265, 254, 135]
187 2489 [300, 324, 155, 70, 102, 273, 118, 172, 265, 132, 274, 304]
189 2694 [254, 161, 314, 357, 132, 218, 147, 95, 93, 267, 293, 363]
190 2651 [256, 152, 329, 140, 292, 294, 344, 93, 141, 97, 181, 332]
188 2755 [85, 264, 220, 322, 191, 267, 330, 245, 140, 103, 241, 347]
191 2716 [355, 255, 147, 226, 321, 81, 255, 338, 226, 245, 102, 165]
192 2701 [366, 70, 252, 202, 137, 142, 320, 116, 297, 148, 313, 338]
194 2591 [124, 75, 81, 354, 228, 320, 219, 341, 273, 135, 70, 371]
195 2782 [118, 290, 133, 373, 337, 249, 303, 164, 377, 73, 172, 193]
196 2258 [89, 147, 274, 72, 275, 205, 162, 266, 286, 158, 184, 140]
193 2536 [237, 75, 191, 346, 301, 160, 349, 145, 165, 261, 234, 72]
197 2483 [201, 348, 269, 107, 332, 293, 179, 127, 124, 252, 143, 108]
198 2561 [345, 119, 214, 258, 347, 155, 162, 144, 278, 73, 340, 126]
199 2835 [254, 115, 112, 102, 363, 163, 358, 324, 112, 305, 290, 337]
200 3078 [85, 70, 352, 354, 250, 145, 325, 313, 297, 299, 292, 296]
201 2420 [332, 171, 104, 157, 365, 209, 102, 108, 160, 178, 344, 190]
202 2520 [264, 160, 327, 134, 205, 236, 329, 92, 174, 122, 141, 336]
204 2742 [379, 145, 146, 178, 241, 82, 203, 324, 343, 118, 372, 211]
206 3016 [348, 328, 351, 148, 128, 334, 91, 296, 247, 364, 270, 111]
203 2739 [139, 129, 244, 177, 253, 222, 286, 81, 293, 372, 177, 366]
207 2557 [93, 76, 160, 219, 178, 336, 380, 169, 315, 292, 265, 74]
209 2426 [178, 88, 319, 122, 211, 175, 197, 155, 324, 370, 212, 75]
210 2290 [158, 185, 108, 210, 307, 317, 97, 104, 206, 298, 229, 71]
208 2504 [265, 162, 110, 177, 168, 341, 306, 225, 164, 225, 194, 167]
211 2995 [324, 159, 239, 341, 363, 106, 137, 152, 315, 340, 149, 370]
205 2259 [182, 197, 80, 116, 271, 254, 183, 113, 187, 240, 211, 225]
214 2746 [74, 191, 334, 267, 160, 338, 199, 187, 327, 271, 287, 111]
213 3162 [295, 209, 333, 327, 263, 290, 198, 362, 290, 303, 73, 219]
212 2281 [237, 187, 223, 258, 101, 281, 202, 71, 100, 228, 243, 150]
215 2484 [270, 175, 263, 289, 255, 96, 177, 259, 265, 176, 112, 147]
216 2733 [174, 313, 188, 161, 251, 297, 302, 343, 120, 236, 118, 230]
217 3022 [359, 78, 326, 262, 257, 113, 250, 155, 278, 280, 291, 373]
218 3258 [212, 158, 352, 371, 277, 265, 377, 270, 240, 169, 323, 244]
219 2096 [84, 111, 191, 117, 225, 137, 209, 310, 214, 144, 162, 192]
220 2880 [238, 150, 195, 169, 113, 330, 321, 278, 311, 307, 283, 185]
221 2494 [157, 156, 286, 111, 360, 265, 364, 181, 157, 266, 70, 121]
222 1888 [140, 240, 90, 97, 266, 302, 120, 148, 183, 125, 100, 77]
223 2664 [232, 191, 70, 273, 260, 209, 135, 353, 249, 274, 246, 172]
224 2609 [163, 93, 234, 91, 287, 155, 251, 85, 319, 324, 292, 315]
225 2838 [339, 256, 98, 377, 363, 108, 124, 213, 117, 269, 356, 218]
226 3013 [128, 307, 297, 255, 218, 143, 341, 293, 327, 251, 184, 269]
227 2305 [140, 334, 135, 77, 219, 120, 122, 271, 291, 183, 106, 307]
228 2994 [125, 286, 342, 307, 190, 95, 346, 258, 128, 353, 379, 185]
229 3069 [141, 347, 166, 378, 373, 358, 312, 299, 211, 76, 96, 312]
230 2590 [222, 82, 272, 335, 287, 241, 105, 191, 280, 286, 120, 169]
231 2435 [85, 326, 85, 292, 201, 331, 272, 221, 81, 157, 98, 286]
232 2911 [198, 181, 98, 166, 261, 235, 351, 316, 346, 290, 353, 116]
233 2504 [219, 94, 336, 186, 307, 273, 356, 132, 121, 100, 274, 106]
234 2392 [92, 130, 257, 371, 92, 202, 114, 180, 252, 95, 288, 319]
235 3102 [266, 334, 190, 327, 375, 261, 299, 212, 97, 83, 380, 278]
236 2338 [107, 240, 231, 174, 208, 151, 129, 299, 202, 149, 210, 238]
238 3277 [195, 182, 184, 307, 317, 356, 87, 377, 380, 370, 241, 281]
237 2519 [324, 170, 289, 252, 121, 344, 254, 91, 171, 205, 119, 179]
239 3165 [361, 266, 337, 371, 82, 82, 193, 205, 361, 307, 361, 239]
241 2659 [340, 253, 284, 74, 183, 206, 332, 242, 148, 377, 141, 79]
240 2727 [248, 284, 80, 261, 121, 210, 192, 261, 231, 259, 378, 202]
242 2834 [291, 91, 372, 244, 345, 233, 215, 265, 330, 133, 176, 139]
243 3038 [139, 328, 180, 199, 309, 236, 310, 354, 149, 357, 363, 114]
244 3114 [155, 129, 262, 294, 367, 240, 256, 196, 376, 313, 203, 323]
245 2286 [211, 116, 139, 76, 168, 370, 267, 98, 170, 184, 132, 355]
246 2834 [236, 237, 315, 208, 206, 149, 88, 251, 274, 380, 289, 201]
247 3173 [243, 318, 354, 119, 377, 292, 126, 96, 348, 286, 322, 292]
248 2474 [323, 307, 291, 104, 271, 141, 103, 199, 347, 73, 70, 245]
250 2916 [121, 350, 378, 362, 320, 213, 222, 181, 130, 307, 180, 152]
249 1852 [70, 96, 127, 91, 195, 84, 106, 117, 168, 356, 99, 343]
251 2156 [75, 354, 99, 85, 175, 235, 157, 280, 206, 84, 245, 161]
252 2433 [104, 194, 368, 326, 124, 213, 156, 133, 248, 238, 243, 86]
255 2552 [305, 167, 138, 128, 235, 255, 250, 280, 120, 288, 114, 272]
254 2615 [271, 146, 194, 284, 250, 221, 155, 357, 349, 88, 152, 148]
253 2641 [361, 109, 92, 345, 338, 280, 219, 246, 133, 75, 250, 193]
256 2327 [276, 269, 282, 70, 126, 79, 143, 215, 242, 119, 157, 349]
257 2263 [276, 83, 168, 258, 334, 113, 100, 251, 103, 104, 365, 108]
258 2412 [72, 81, 133, 192, 273, 125, 235, 90, 329, 328, 230, 324]
259 2820 [362, 90, 249, 201, 279, 273, 77, 211, 369, 215, 157, 337]
260 2760 [91, 316, 351, 72, 310, 125, 192, 343, 213, 177, 235, 335]
261 2887 [311, 199, 181, 133, 274, 298, 351, 175, 378, 305, 176, 106]
262 2778 [88, 99, 306, 160, 216, 163, 350, 365, 213, 140, 330, 348]
263 2775 [198, 267, 125, 348, 250, 347, 241, 135, 264, 375, 113, 112]
264 2999 [347, 160, 139, 305, 186, 213, 144, 369, 327, 249, 239, 321]
266 2949 [237, 137, 297, 325, 358, 128, 287, 219, 359, 147, 111, 344]
265 2986 [148, 77, 102, 337, 361, 380, 237, 233, 323, 302, 367, 119]
267 2834 [232, 110, 350, 337, 267, 112, 250, 209, 115, 271, 347, 234]
268 2157 [197, 185, 230, 169, 222, 121, 129, 305, 118, 176, 100, 205]
269 2847 [233, 148, 367, 157, 370, 220, 234, 124, 274, 327, 111, 282]
270 2909 [86, 323, 188, 76, 106, 329, 333, 361, 172, 319, 312, 304]
272 3256 [371, 290, 375, 156, 333, 196, 174, 311, 337, 160, 343, 210]
271 3027 [332, 251, 315, 125, 160, 338, 378, 355, 284, 177, 81, 231]
273 2463 [80, 139, 192, 299, 130, 310, 179, 125, 273, 340, 261, 135]
274 3192 [361, 155, 239, 242, 343, 310, 245, 133, 202, 372, 360, 230]
275 2441 [207, 303, 70, 221, 220, 269, 197, 204, 99, 284, 266, 101]
277 2560 [143, 218, 148, 320, 96, 308, 190, 247, 208, 297, 242, 143]
276 2445 [247, 198, 104, 112, 190, 264, 361, 256, 104, 154, 376, 79]
278 3166 [346, 316, 236, 136, 348, 334, 225, 379, 170, 348, 119, 209]
279 2758 [133, 150, 214, 280, 256, 161, 257, 369, 114, 345, 245, 234]
280 2821 [319, 263, 228, 186, 174, 127, 317, 302, 358, 122, 209, 216]
281 2762 [174, 290, 343, 282, 281, 217, 226, 174, 142, 144, 135, 354]
282 2528 [84, 257, 256, 159, 113, 82, 197, 372, 373, 277, 133, 225]
283 2245 [255, 159, 161, 101, 270, 168, 370, 142, 261, 160, 90, 108]
284 2867 [143, 198, 181, 147, 346, 115, 247, 319, 331, 358, 277, 205]
285 3018 [213, 358, 360, 118, 168, 86, 303, 244, 225, 350, 292, 301]
286 2130 [73, 266, 208, 133, 103, 306, 177, 166, 315, 72, 124, 187]
287 3099 [293, 353, 334, 201, 354, 100, 77, 307, 372, 298, 293, 117]
288 2579 [91, 143, 94, 241, 231, 155, 166, 358, 334, 184, 241, 341]
289 2427 [196, 228, 327, 257, 136, 113, 81, 327, 156, 161, 193, 252]
290 3050 [272, 338, 281, 196, 143, 72, 266, 353, 319, 197, 250, 363]
291 2767 [277, 268, 316, 84, 321, 246, 132, 82, 171, 154, 341, 375]
292 2512 [112, 252, 116, 101, 331, 113, 317, 148, 111, 359, 371, 181]
293 2981 [321, 353, 73, 283, 273, 181, 174, 358, 173, 347, 264, 181]
294 3297 [373, 191, 319, 171, 103, 372, 113, 318, 364, 305, 380, 288]
295 2746 [217, 89, 328, 277, 217, 183, 357, 184, 313, 329, 173, 79]
297 2819 [210, 203, 351, 356, 288, 112, 147, 87, 119, 351, 353, 242]
298 2421 [128, 84, 192, 198, 112, 141, 345, 142, 311, 283, 251, 234]
296 2416 [316, 131, 104, 107, 287, 176, 205, 239, 118, 276, 82, 375]
299 3467 [238, 297, 379, 371, 257, 314, 114, 140, 362, 378, 326, 291]
300 2753 [227, 229, 85, 189, 361, 202, 362, 244, 179, 185, 264, 226]
302 2841 [319, 348, 342, 89, 72, 107, 351, 197, 340, 186, 119, 371]
303 2969 [174, 106, 337, 297, 185, 247, 365, 309, 257, 169, 324, 199]
301 3409 [295, 186, 210, 231, 176, 373, 316, 304, 344, 350, 357, 267]
304 2611 [188, 197, 219, 212, 96, 342, 278, 309, 204, 322, 122, 122]
305 2907 [306, 357, 205, 70, 334, 265, 84, 282, 263, 185, 340, 216]
306 3360 [229, 151, 311, 367, 371, 154, 361, 258, 284, 374, 138, 362]
307 2666 [312, 361, 263, 216, 174, 253, 189, 104, 176, 183, 329, 106]
308 2495 [288, 263, 376, 174, 76, 109, 192, 84, 360, 139, 356, 78]
309 3339 [120, 226, 357, 311, 380, 97, 359, 302, 367, 177, 279, 364]
310 2447 [106, 79, 82, 302, 103, 285, 106, 374, 231, 148, 302, 329]
312 2229 [85, 323, 123, 124, 256, 75, 365, 335, 120, 201, 73, 149]
311 2820 [284, 217, 336, 159, 170, 141, 301, 203, 366, 135, 199, 309]
313 2910 [136, 364, 266, 311, 371, 83, 174, 244, 351, 218, 83, 309]
314 2949 [249, 87, 281, 366, 277, 317, 194, 281, 138, 150, 249, 360]
315 3108 [142, 353, 260, 292, 262, 328, 358, 322, 230, 264, 162, 135]
316 2866 [247, 148, 84, 177, 374, 200, 246, 227, 358, 213, 213, 379]
317 3220 [271, 355, 319, 232, 317, 116, 214, 226, 365, 245, 287, 273]
318 2783 [83, 251, 242, 302, 255, 225, 107, 297, 369, 234, 282, 136]
319 2625 [263, 298, 240, 189, 180, 329, 172, 73, 242, 127, 319, 193]
320 3007 [334, 231, 201, 360, 315, 172, 282, 88, 133, 267, 356, 268]
322 3052 [277, 211, 270, 241, 380, 137, 302, 310, 266, 175, 183, 300]
321 1846 [234, 319, 90, 121, 93, 181, 110, 85, 81, 70, 119, 343]
323 2840 [317, 78, 319, 257, 353, 289, 153, 190, 225, 256, 332, 71]
324 3037 [99, 353, 333, 198, 333, 256, 156, 180, 314, 282, 326, 207]
325 3133 [237, 378, 245, 93, 235, 354, 244, 366, 254, 277, 198, 252]
327 2928 [362, 184, 182, 353, 276, 229, 124, 81, 379, 315, 252, 191]
326 2412 [83, 94, 196, 262, 71, 203, 265, 283, 158, 347, 377, 73]
328 2944 [86, 304, 145, 212, 105, 358, 251, 218, 231, 363, 310, 361]
329 3372 [114, 341, 300, 309, 363, 354, 268, 319, 359, 229, 199, 217]
330 2725 [281, 335, 70, 174, 270, 252, 212, 330, 235, 155, 283, 128]
331 2583 [348, 217, 265, 174, 74, 112, 128, 221, 365, 326, 83, 270]
333 2070 [151, 83, 80, 136, 137, 202, 103, 110, 302, 294, 232, 240]
332 2808 [105, 297, 330, 250, 257, 238, 237, 138, 258, 214, 175, 309]
334 2721 [288, 276, 212, 156, 211, 285, 193, 342, 216, 76, 320, 146]
335 3280 [277, 377, 315, 380, 378, 270, 267, 179, 257, 137, 332, 111]
336 2671 [94, 375, 142, 239, 103, 368, 250, 256, 102, 139, 312, 291]
337 2717 [345, 81, 300, 113, 163, 182, 150, 322, 265, 291, 141, 364]
338 2914 [128, 365, 72, 326, 201, 294, 185, 341, 301, 315, 119, 267]
339 2235 [73, 106, 167, 264, 105, 94, 247, 207, 236, 291, 364, 81]
340 2106 [177, 360, 149, 90, 76, 100, 277, 159, 368, 112, 109, 129]
341 2444 [176, 151, 221, 76, 226, 297, 137, 331, 115, 350, 281, 83]
342 2923 [297, 310, 146, 270, 183, 292, 301, 242, 198, 118, 380, 186]
344 2667 [285, 323, 314, 199, 173, 290, 225, 212, 112, 112, 201, 221]
343 2853 [175, 167, 238, 324, 253, 151, 173, 170, 270, 368, 363, 201]
345 2115 [97, 113, 89, 161, 101, 135, 295, 246, 164, 306, 243, 165]
347 2448 [295, 284, 105, 371, 164, 159, 151, 84, 277, 88, 107, 363]
349 2624 [260, 273, 283, 150, 241, 188, 330, 143, 368, 127, 79, 182]
348 3013 [166, 260, 345, 75, 265, 203, 324, 341, 296, 361, 203, 174]
350 2934 [198, 269, 332, 356, 224, 105, 276, 182, 262, 349, 101, 280]
346 2187 [163, 259, 138, 92, 292, 152, 227, 170, 138, 84, 103, 369]
352 2123 [136, 139, 214, 124, 89, 343, 98, 347, 158, 73, 224, 178]
353 2903 [189, 152, 219, 372, 228, 315, 328, 354, 185, 143, 335, 83]
351 2632 [274, 172, 211, 267, 362, 213, 189, 178, 84, 200, 174, 308]
354 2745 [272, 358, 293, 204, 123, 364, 179, 221, 107, 204, 178, 242]
355 2715 [107, 379, 277, 304, 239, 151, 216, 122, 323, 360, 86, 151]
356 2813 [200, 214, 122, 366, 360, 326, 95, 230, 273, 203, 169, 255]
358 2768 [181, 138, 220, 73, 344, 336, 335, 104, 270, 212, 317, 238]
357 2679 [344, 132, 278, 112, 82, 210, 283, 156, 303, 352, 269, 158]
359 2987 [369, 362, 175, 190, 70, 374, 279, 295, 102, 327, 226, 218]
360 2487 [368, 159, 170, 154, 133, 78, 310, 194, 275, 194, 170, 282]
361 3055 [126, 133, 378, 123, 158, 374, 175, 339, 361, 198, 329, 361]
364 2753 [82, 167, 294, 356, 186, 250, 208, 206, 183, 145, 343, 333]
363 3085 [301, 339, 149, 242, 224, 296, 300, 277, 376, 131, 377, 73]
362 2327 [182, 208, 82, 187, 270, 317, 129, 80, 314, 214, 254, 90]
365 2761 [311, 294, 205, 239, 203, 154, 134, 328, 71, 358, 115, 349]
366 2634 [76, 327, 245, 92, 158, 281, 277, 265, 93, 325, 338, 157]
367 2404 [132, 218, 306, 249, 112, 249, 99, 266, 105, 266, 84, 318]
368 2341 [206, 157, 182, 130, 338, 194, 168, 139, 110, 264, 344, 109]
370 2693 [310, 124, 277, 140, 329, 261, 301, 153, 213, 206, 309, 70]
369 2731 [88, 354, 168, 312, 369, 158, 96, 344, 139, 262, 344, 97]
371 2814 [70, 282, 177, 248, 338, 212, 78, 178, 236, 333, 303, 359]
372 2731 [211, 351, 213, 369, 87, 164, 329, 77, 182, 363, 158, 227]
373 2622 [327, 156, 269, 158, 222, 203, 194, 223, 364, 77, 132, 297]
374 2436 [282, 284, 209, 243, 237, 103, 242, 177, 152, 86, 103, 318]
376 3391 [334, 374, 247, 167, 371, 270, 145, 380, 210, 356, 297, 240]
375 2573 [361, 313, 233, 140, 171, 102, 227, 310, 149, 189, 168, 210]
377 2939 [296, 138, 318, 349, 182, 296, 152, 161, 379, 270, 192, 206]
378 2881 [137, 196, 330, 244, 311, 281, 83, 271, 371, 275, 246, 136]
380 2435 [144, 124, 124, 341, 126, 242, 238, 327, 138, 94, 280, 257]
381 2966 [173, 232, 124, 367, 229, 274, 314, 219, 327, 253, 219, 235]
379 2587 [271, 145, 143, 289, 164, 110, 379, 88, 371, 168, 205, 254]
382 2914 [160, 264, 194, 319, 271, 214, 268, 173, 302, 239, 350, 160]
383 2695 [264, 312, 278, 110, 73, 87, 163, 255, 242, 349, 241, 321]
384 2329 [332, 298, 180, 112, 101, 118, 344, 81, 244, 237, 164, 118]
385 2838 [167, 241, 351, 230, 299, 354, 188, 111, 116, 241, 199, 341]
386 2980 [205, 227, 109, 103, 254, 372, 266, 375, 158, 237, 370, 304]
387 2174 [80, 127, 80, 165, 250, 362, 188, 299, 179, 109, 231, 104]
388 2640 [308, 131, 93, 361, 114, 370, 71, 133, 256, 200, 261, 342]
389 2735 [116, 243, 194, 336, 78, 368, 138, 260, 286, 253, 299, 164]
391 2807 [342, 273, 151, 264, 210, 170, 184, 232, 372, 76, 372, 161]
390 3115 [348, 339, 353, 77, 336, 141, 277, 226, 121, 261, 312, 324]
392 2926 [178, 355, 335, 77, 189, 220, 268, 310, 241, 258, 173, 322]
393 2672 [222, 258, 186, 185, 247, 317, 254, 180, 127, 368, 130, 198]
394 2834 [351, 118, 112, 124, 362, 376, 234, 265, 320, 304, 113, 155]
395 3124 [311, 352, 218, 271, 245, 234, 349, 119, 210, 349, 379, 87]
398 2604 [301, 153, 368, 96, 197, 78, 160, 377, 80, 260, 207, 327]
396 3169 [191, 233, 336, 183, 314, 247, 191, 250, 244, 366, 236, 378]
397 2498 [215, 212, 81, 332, 90, 140, 363, 238, 172, 193, 237, 225]
399 2462 [144, 177, 139, 243, 285, 176, 266, 285, 176, 161, 197, 213]
400 2546 [229, 206, 237, 242, 157, 273, 175, 213, 151, 110, 201, 352]
401 3177 [365, 367, 239, 272, 123, 150, 315, 278, 240, 254, 376, 198]
402 2620 [324, 99, 178, 136, 375, 107, 379, 216, 328, 85, 94, 299]
404 2759 [353, 233, 80, 159, 217, 372, 336, 115, 125, 335, 167, 267]
403 2349 [129, 141, 228, 87, 211, 353, 199, 285, 117, 261, 72, 266]
405 2773 [80, 123, 297, 362, 114, 208, 312, 354, 82, 336, 364, 141]
408 2775 [282, 92, 120, 281, 140, 240, 272, 242, 307, 353, 111, 335]
407 2857 [211, 305, 291, 213, 102, 219, 204, 370, 200, 108, 375, 259]
406 2732 [355, 219, 340, 136, 236, 96, 249, 71, 329, 200, 306, 195]
409 2802 [239, 70, 228, 91, 176, 183, 321, 256, 380, 170, 315, 373]
410 2649 [120, 109, 144, 237, 301, 370, 240, 196, 197, 268, 333, 134]
412 2993 [310, 207, 163, 246, 113, 372, 337, 171, 364, 195, 194, 321]
411 2432 [217, 187, 253, 188, 147, 224, 163, 153, 85, 149, 331, 335]
413 2669 [192, 251, 177, 72, 246, 158, 166, 195, 300, 345, 315, 252]
414 2387 [319, 134, 119, 186, 230, 228, 92, 368, 191, 241, 199, 80]
416 2597 [362, 200, 310, 225, 94, 181, 258, 91, 101, 360, 159, 256]
417 2669 [157, 369, 253, 151, 275, 332, 92, 162, 306, 195, 255, 122]
418 2522 [342, 119, 175, 193, 351, 90, 370, 150, 313, 132, 202, 85]
419 2371 [110, 247, 172, 300, 250, 303, 313, 71, 72, 188, 113, 232]
415 2267 [284, 254, 111, 197, 131, 306, 86, 348, 81, 136, 173, 160]
420 2794 [362, 315, 283, 264, 138, 130, 275, 136, 273, 340, 191, 87]
422 2926 [365, 73, 274, 262, 204, 335, 291, 112, 217, 167, 249, 377]
424 2328 [73, 257, 365, 140, 179, 140, 78, 375, 248, 126, 277, 70]
423 2803 [372, 234, 89, 141, 268, 364, 183, 206, 274, 293, 259, 120]
421 2032 [93, 237, 256, 200, 191, 99, 107, 148, 72, 247, 86, 296]
425 2235 [204, 81, 124, 141, 225, 361, 324, 274, 238, 108, 73, 82]
426 3135 [160, 362, 167, 337, 281, 258, 144, 237, 253, 203, 355, 378]
427 2813 [342, 251, 138, 90, 330, 246, 313, 246, 266, 209, 246, 136]
429 2888 [241, 290, 339, 231, 366, 206, 270, 182, 241, 85, 144, 293]
428 2974 [325, 78, 354, 284, 70, 353, 260, 312, 225, 294, 237, 182]
430 2630 [138, 277, 145, 281, 160, 379, 114, 78, 331, 155, 276, 296]
434 1888 [131, 359, 126, 193, 139, 148, 71, 71, 246, 154, 93, 157]
432 2761 [237, 181, 207, 302, 225, 284, 344, 112, 176, 89, 362, 242]
433 3261 [343, 131, 106, 364, 316, 222, 285, 368, 369, 179, 270, 308]
431 2341 [302, 299, 75, 323, 94, 238, 114, 142, 94, 283, 90, 287]
435 2657 [201, 277, 186, 134, 249, 358, 105, 208, 102, 377, 158, 302]
436 2986 [197, 356, 112, 228, 258, 153, 377, 364, 181, 362, 160, 238]
438 2983 [229, 361, 273, 260, 281, 375, 237, 259, 207, 113, 227, 161]
437 2607 [262, 299, 366, 110, 188, 208, 77, 203, 323, 315, 149, 107]
439 2589 [173, 224, 322, 175, 183, 213, 285, 117, 292, 217, 70, 318]
440 2592 [348, 353, 231, 161, 156, 184, 86, 275, 233, 236, 220, 109]
441 2932 [343, 266, 377, 376, 233, 92, 151, 123, 103, 233, 322, 313]
442 2476 [102, 343, 174, 114, 277, 96, 251, 297, 138, 275, 170, 239]
445 2465 [201, 116, 269, 165, 181, 129, 323, 340, 229, 100, 197, 215]
446 2936 [349, 291, 166, 337, 126, 284, 173, 377, 254, 118, 362, 99]
444 2404 [120, 333, 324, 83, 84, 253, 359, 213, 95, 124, 224, 192]
443 2387 [109, 98, 134, 126, 167, 309, 224, 108, 308, 324, 203, 277]
447 2200 [146, 115, 80, 189, 167, 341, 263, 123, 290, 251, 70, 165]
448 2551 [139, 291, 328, 332, 70, 126, 309, 286, 151, 82, 139, 298]
449 2485 [243, 225, 73, 195, 329, 331, 253, 129, 175, 294, 119, 119]
450 2686 [368, 172, 198, 221, 79, 184, 274, 350, 313, 92, 77, 358]
451 2701 [331, 171, 336, 297, 183, 101, 131, 201, 318, 235, 251, 146]
452 2412 [81, 202, 271, 249, 159, 345, 220, 78, 192, 92, 340, 183]
456 3284 [160, 270, 295, 84, 294, 323, 205, 293, 366, 345, 292, 357]
453 3187 [303, 209, 280, 290, 304, 375, 266, 162, 343, 250, 168, 237]
455 2791 [140, 70, 139, 175, 235, 169, 258, 305, 272, 342, 352, 334]
454 2259 [133, 194, 91, 137, 239, 314, 142, 295, 98, 199, 130, 287]
457 2685 [337, 169, 189, 267, 117, 152, 273, 290, 342, 335, 76, 138]
458 2711 [237, 76, 79, 285, 240, 372, 289, 278, 238, 92, 278, 247]
460 2530 [362, 103, 268, 309, 215, 111, 169, 266, 188, 97, 202, 240]
462 2738 [280, 290, 362, 158, 337, 341, 187, 112, 139, 337, 97, 98]
461 3081 [284, 362, 153, 243, 251, 236, 370, 238, 348, 149, 375, 72]
459 2439 [339, 262, 87, 112, 183, 131, 95, 127, 193, 370, 188, 352]
463 2742 [308, 306, 307, 192, 189, 105, 247, 94, 214, 119, 359, 302]
464 3262 [129, 356, 162, 297, 292, 370, 196, 296, 317, 283, 360, 204]
465 2843 [127, 304, 197, 355, 320, 347, 243, 239, 188, 80, 296, 147]
466 2384 [116, 126, 352, 278, 292, 290, 154, 193, 125, 79, 270, 109]
467 2770 [285, 105, 180, 99, 356, 335, 253, 197, 156, 258, 293, 253]
468 3118 [339, 261, 203, 278, 288, 290, 80, 357, 255, 107, 380, 280]
469 3646 [345, 364, 350, 344, 185, 346, 207, 322, 301, 256, 299, 327]
473 2979 [325, 302, 253, 195, 342, 304, 126, 161, 311, 361, 128, 171]
471 2519 [162, 262, 70, 170, 317, 187, 252, 242, 358, 336, 88, 75]
472 2564 [364, 238, 271, 323, 147, 191, 180, 339, 220, 103, 84, 104]
470 2289 [146, 104, 87, 142, 380, 261, 341, 136, 224, 102, 224, 142]
474 1942 [97, 217, 94, 291, 174, 128, 204, 179, 92, 94, 140, 232]
475 2863 [320, 367, 107, 236, 176, 254, 359, 140, 340, 240, 240, 84]
479 2799 [201, 243, 259, 318, 184, 204, 166, 296, 257, 303, 118, 250]
478 3822 [261, 350, 326, 321, 337, 312, 357, 257, 372, 251, 346, 332]
476 2542 [84, 344, 274, 326, 233, 186, 104, 137, 160, 297, 231, 166]
477 2293 [167, 319, 102, 151, 177, 101, 209, 350, 182, 274, 148, 113]
481 2844 [289, 319, 307, 70, 370, 298, 172, 128, 307, 238, 222, 124]
484 2434 [207, 149, 180, 259, 113, 316, 137, 155, 333, 124, 108, 353]
482 3010 [297, 131, 364, 352, 306, 73, 364, 331, 373, 83, 76, 260]
483 3181 [311, 94, 377, 370, 241, 154, 206, 298, 353, 372, 299, 106]
485 2400 [150, 75, 80, 137, 317, 274, 137, 308, 364, 156, 317, 85]
480 2776 [169, 231, 118, 333, 338, 297, 131, 250, 164, 81, 291, 373]
486 2282 [89, 330, 238, 179, 306, 143, 83, 375, 120, 131, 130, 158]
487 2592 [132, 377, 376, 223, 187, 230, 201, 176, 172, 89, 75, 354]
488 2355 [379, 227, 91, 335, 80, 116, 175, 125, 206, 163, 104, 354]
489 2561 [161, 108, 207, 231, 301, 220, 163, 108, 254, 344, 206, 258]
490 2225 [107, 248, 137, 89, 245, 166, 102, 142, 156, 329, 323, 181]
491 2441 [228, 175, 191, 122, 132, 250, 216, 282, 227, 247, 238, 133]
492 2747 [168, 83, 108, 375, 341, 306, 82, 277, 155, 281, 218, 353]
493 2814 [264, 316, 92, 235, 220, 73, 91, 370, 175, 272, 336, 370]
495 2246 [85, 237, 155, 238, 136, 80, 236, 146, 371, 210, 149, 203]
494 2821 [100, 219, 232, 127, 331, 175, 379, 365, 218, 306, 102, 267]
496 2659 [89, 265, 162, 282, 274, 73, 290, 336, 140, 364, 231, 153]
497 2754 [337, 339, 144, 140, 291, 211, 213, 117, 286, 207, 218, 251]
498 2811 [303, 312, 369, 255, 252, 170, 119, 310, 99, 274, 169, 179]
500 2574 [200, 116, 91, 154, 326, 265, 124, 341, 140, 184, 359, 274]
499 2583 [352, 276, 169, 207, 195, 234, 108, 241, 112, 344, 84, 261]
501 2735 [294, 335, 108, 262, 137, 331, 85, 350, 319, 180, 213, 121]
505 2765 [273, 186, 327, 329, 240, 132, 198, 204, 317, 283, 122, 154]
504 2537 [112, 247, 307, 344, 130, 153, 128, 206, 87, 178, 355, 290]
502 2584 [268, 124, 321, 365, 126, 84, 253, 77, 319, 327, 231, 89]
503 3300 [310, 265, 286, 223, 353, 233, 324, 184, 352, 286, 348, 136]
506 3216 [331, 94, 240, 378, 176, 247, 323, 295, 278, 366, 282, 206]
507 2769 [333, 315, 126, 169, 194, 181, 280, 254, 199, 253, 240, 225]
511 2994 [295, 115, 297, 258, 172, 343, 281, 287, 349, 249, 70, 278]
510 2224 [145, 289, 184, 154, 186, 175, 297, 74, 129, 221, 207, 163]
508 2549 [139, 230, 224, 198, 125, 231, 137, 210, 359, 335, 127, 234]
509 2646 [329, 131, 85, 310, 86, 197, 371, 184, 137, 308, 201, 307]
512 2920 [186, 340, 346, 142, 150, 292, 200, 312, 356, 163, 228, 205]
516 2103 [140, 127, 75, 152, 282, 264, 143, 175, 142, 126, 121, 356]
515 2198 [182, 71, 79, 326, 221, 177, 140, 317, 146, 144, 280, 115]
514 3007 [254, 280, 327, 326, 316, 292, 271, 100, 175, 267, 100, 299]
513 2800 [360, 242, 212, 377, 264, 275, 75, 103, 259, 309, 148, 176]
517 2104 [258, 379, 110, 105, 125, 87, 121, 376, 143, 165, 79, 156]
518 2380 [315, 226, 155, 277, 119, 262, 276, 108, 98, 169, 148, 227]
520 2864 [220, 254, 174, 147, 365, 323, 347, 355, 240, 192, 139, 108]
519 2440 [164, 103, 238, 259, 374, 240, 70, 126, 252, 85, 364, 165]
521 2596 [204, 228, 312, 135, 216, 273, 78, 299, 306, 71, 178, 296]
522 2393 [185, 111, 351, 135, 88, 234, 245, 357, 169, 126, 289, 103]
523 2756 [269, 358, 196, 296, 278, 298, 182, 144, 262, 107, 279, 87]
525 2224 [97, 159, 105, 146, 90, 139, 269, 281, 329, 212, 190, 207]
526 3020 [326, 353, 282, 253, 363, 337, 303, 162, 199, 101, 92, 249]
524 2885 [352, 177, 342, 223, 89, 246, 305, 298, 348, 198, 219, 88]
527 2242 [297, 107, 73, 79, 341, 85, 218, 308, 91, 89, 256, 298]
528 2470 [118, 192, 82, 118, 367, 188, 185, 358, 331, 319, 76, 136]
529 2994 [363, 319, 226, 158, 352, 88, 237, 217, 241, 328, 173, 292]
531 2803 [112, 325, 90, 205, 194, 361, 368, 297, 220, 188, 101, 342]
532 2880 [109, 312, 166, 351, 281, 221, 342, 220, 207, 287, 74, 310]
530 2947 [260, 231, 327, 108, 287, 258, 205, 105, 352, 276, 326, 212]
533 2711 [266, 127, 309, 242, 341, 355, 181, 237, 170, 95, 175, 213]
534 2594 [129, 92, 165, 131, 303, 112, 325, 273, 302, 333, 348, 81]
535 2757 [328, 230, 109, 373, 157, 297, 119, 255, 345, 355, 94, 95]
536 2472 [214, 176, 210, 270, 202, 212, 211, 183, 242, 92, 362, 98]
537 3000 [379, 156, 164, 278, 94, 350, 366, 264, 214, 339, 323, 73]
538 2505 [244, 76, 239, 112, 180, 182, 317, 310, 330, 188, 125, 202]
539 2779 [154, 269, 199, 187, 101, 248, 289, 371, 118, 326, 145, 372]
540 2077 [238, 140, 182, 215, 131, 180, 280, 70, 160, 266, 75, 140]
541 2757 [77, 209, 238, 217, 318, 275, 306, 210, 244, 234, 180, 249]
544 2360 [130, 300, 156, 264, 92, 286, 149, 246, 146, 204, 184, 203]
543 2712 [263, 351, 113, 147, 161, 149, 308, 196, 290, 199, 310, 225]
545 2735 [238, 222, 271, 225, 156, 235, 111, 138, 319, 189, 380, 251]
546 3124 [323, 266, 119, 279, 190, 326, 316, 223, 367, 123, 320, 272]
547 2959 [198, 245, 197, 341, 279, 352, 303, 115, 292, 213, 279, 145]
548 2857 [257, 199, 306, 161, 301, 95, 118, 347, 317, 128, 305, 323]
542 2787 [78, 247, 343, 100, 152, 276, 239, 275, 275, 284, 171, 347]
549 3159 [218, 197, 192, 307, 367, 296, 199, 301, 78, 313, 341, 350]
550 3171 [369, 198, 151, 310, 350, 334, 206, 221, 322, 114, 262, 334]
551 2936 [309, 361, 268, 104, 258, 171, 305, 245, 108, 325, 295, 187]
552 2783 [253, 229, 231, 326, 256, 268, 161, 257, 137, 93, 330, 242]
553 2320 [177, 268, 318, 85, 110, 228, 174, 327, 233, 170, 72, 158]
554 3507 [379, 282, 242, 185, 368, 140, 289, 318, 310, 280, 370, 344]
555 2822 [130, 218, 247, 362, 143, 198, 336, 198, 179, 95, 344, 372]
556 2932 [350, 177, 270, 175, 368, 280, 350, 173, 289, 141, 110, 249]
557 2618 [105, 175, 346, 95, 101, 89, 353, 308, 311, 320, 72, 343]
558 3332 [339, 306, 95, 340, 304, 234, 179, 367, 376, 363, 164, 265]
559 2327 [311, 205, 123, 169, 198, 88, 126, 279, 350, 170, 94, 214]
560 2188 [316, 118, 349, 151, 172, 353, 85, 90, 155, 209, 83, 107]
561 3014 [290, 293, 81, 214, 356, 267, 249, 220, 268, 294, 275, 207]
564 3171 [114, 297, 329, 375, 205, 348, 162, 214, 289, 313, 276, 249]
562 2702 [281, 245, 163, 150, 118, 90, 375, 372, 234, 87, 249, 338]
563 2370 [241, 176, 277, 101, 342, 235, 102, 143, 234, 78, 162, 279]
565 2335 [240, 129, 118, 176, 330, 264, 114, 198, 78, 271, 233, 184]
566 2101 [100, 143, 89, 231, 82, 93, 72, 142, 180, 301, 338, 330]
569 3089 [220, 141, 107, 356, 365, 275, 311, 361, 367, 224, 74, 288]
570 2549 [179, 219, 332, 198, 137, 72, 297, 253, 259, 96, 362, 145]
571 2442 [362, 148, 210, 106, 70, 280, 95, 268, 262, 173, 217, 251]
572 2291 [103, 101, 171, 298, 312, 213, 298, 143, 128, 258, 96, 170]
573 2158 [114, 85, 272, 188, 268, 96, 132, 115, 140, 191, 222, 335]
574 2623 [93, 322, 134, 358, 292, 115, 319, 90, 123, 254, 314, 209]
575 2791 [179, 108, 274, 167, 112, 347, 83, 216, 307, 342, 328, 328]
577 2670 [236, 121, 323, 104, 90, 204, 352, 360, 177, 162, 377, 164]
576 2551 [372, 212, 265, 263, 293, 188, 234, 161, 168, 87, 160, 148]
578 2177 [180, 165, 274, 147, 159, 273, 223, 200, 95, 78, 251, 132]
579 3165 [258, 132, 309, 320, 145, 167, 336, 222, 320, 338, 373, 245]
580 3465 [322, 221, 301, 322, 295, 310, 363, 335, 302, 155, 177, 362]
581 2653 [208, 116, 356, 226, 172, 285, 89, 358, 144, 227, 193, 279]
582 2241 [204, 120, 254, 164, 108, 148, 91, 255, 372, 73, 157, 295]
583 3155 [322, 286, 82, 351, 298, 177, 333, 346, 284, 153, 187, 336]
584 2934 [222, 222, 188, 367, 302, 138, 370, 271, 272, 186, 289, 107]
585 2777 [169, 329, 201, 358, 70, 161, 346, 276, 290, 107, 353, 117]
586 2405 [121, 226, 302, 150, 369, 275, 234, 175, 107, 285, 84, 77]
588 3083 [217, 192, 355, 372, 229, 140, 213, 155, 334, 345, 168, 363]
587 2729 [302, 191, 341, 207, 142, 297, 72, 135, 275, 227, 255, 285]
568 2718 [242, 287, 141, 228, 378, 265, 76, 261, 203, 216, 173, 248]
589 2808 [226, 254, 215, 205, 202, 232, 314, 191, 195, 188, 325, 261]
567 2426 [126, 319, 152, 103, 134, 374, 133, 169, 322, 283, 106, 205]
590 2645 [114, 124, 257, 267, 160, 283, 303, 336, 256, 81, 143, 321]
591 2463 [237, 241, 158, 116, 145, 177, 172, 156, 147, 331, 295, 288]
592 2558 [168, 99, 222, 309, 156, 133, 215, 332, 98, 338, 275, 213]
593 2727 [151, 250, 269, 171, 245, 116, 183, 278, 156, 303, 376, 229]
594 2380 [213, 200, 277, 151, 163, 194, 137, 184, 266, 87, 193, 315]
595 2360 [374, 333, 183, 122, 154, 284, 82, 126, 216, 73, 176, 237]
596 2561 [108, 165, 108, 95, 289, 115, 358, 348, 179, 328, 166, 302]
597 2156 [74, 175, 378, 86, 158, 203, 156, 312, 173, 130, 165, 146]
598 2753 [351, 365, 84, 172, 134, 210, 300, 334, 116, 143, 282, 262]
600 2682 [185, 148, 148, 348, 146, 272, 261, 206, 313, 71, 261, 323]
599 2306 [172, 179, 77, 136, 125, 371, 332, 70, 241, 288, 225, 90]
601 2577 [140, 211, 131, 335, 103, 360, 335, 332, 266, 72, 132, 160]
602 2724 [169, 173, 342, 259, 369, 189, 156, 315, 179, 89, 230, 254]
603 2717 [315, 263, 152, 272, 189, 225, 159, 93, 233, 316, 259, 241]
604 2499 [149, 71, 380, 322, 215, 220, 231, 185, 212, 130, 127, 257]
605 2842 [227, 239, 373, 304, 191, 178, 366, 304, 86, 179, 129, 266]
606 2554 [333, 220, 309, 88, 169, 261, 147, 85, 341, 155, 308, 138]
608 2877 [145, 260, 293, 372, 320, 176, 225, 267, 192, 265, 202, 160]
609 2949 [295, 280, 156, 77, 194, 345, 375, 176, 355, 247, 154, 295]
610 2146 [140, 129, 162, 226, 331, 78, 84, 125, 347, 80, 152, 292]
611 2530 [72, 232, 283, 241, 217, 147, 74, 78, 219, 355, 316, 296]
612 2577 [161, 294, 153, 108, 87, 256, 270, 340, 261, 124, 279, 244]
613 2413 [168, 91, 284, 137, 70, 306, 232, 128, 337, 101, 352, 207]
615 2904 [308, 335, 154, 229, 70, 299, 250, 117, 324, 212, 249, 357]
614 2369 [330, 151, 113, 131, 372, 336, 128, 136, 237, 78, 245, 112]
616 2140 [164, 203, 117, 212, 326, 126, 75, 147, 143, 295, 74, 258]
617 3295 [238, 365, 325, 291, 159, 299, 329, 208, 335, 130, 346, 270]
619 2494 [212, 226, 251, 85, 224, 336, 228, 114, 263, 290, 166, 99]
618 2784 [118, 247, 362, 174, 126, 380, 344, 228, 96, 335, 301, 73]
620 2557 [107, 122, 361, 150, 213, 152, 150, 300, 176, 351, 315, 160]
622 2617 [128, 142, 83, 92, 375, 362, 230, 277, 307, 153, 136, 332]
623 2120 [208, 80, 112, 151, 324, 291, 367, 111, 219, 71, 99, 87]
621 2686 [299, 293, 313, 331, 81, 376, 128, 195, 159, 113, 292, 106]
624 2550 [317, 209, 324, 241, 150, 243, 197, 135, 86, 159, 125, 364]
625 2875 [271, 339, 95, 251, 123, 239, 337, 355, 106, 233, 185, 341]
626 2645 [262, 216, 171, 100, 262, 342, 358, 94, 255, 255, 124, 206]
627 2750 [150, 182, 206, 120, 110, 374, 204, 361, 263, 357, 175, 248]
628 2107 [146, 128, 193, 289, 101, 79, 86, 261, 245, 242, 192, 145]
607 2339 [262, 77, 182, 106, 311, 200, 366, 74, 108, 152, 284, 217]
629 2687 [224, 347, 167, 230, 143, 169, 286, 269, 110, 302, 326, 114]
631 2776 [263, 280, 361, 234, 222, 258, 150, 276, 141, 193, 112, 286]
632 3090 [318, 197, 195, 254, 144, 287, 304, 377, 225, 303, 225, 261]
630 3148 [169, 314, 282, 174, 308, 268, 318, 314, 255, 185, 363, 198]
633 2854 [171, 219, 215, 183, 265, 209, 287, 348, 190, 71, 327, 369]
634 2636 [247, 161, 290, 236, 162, 334, 158, 278, 87, 324, 193, 166]
635 2404 [80, 142, 244, 232, 305, 148, 244, 294, 75, 136, 196, 308]
637 3285 [248, 361, 190, 232, 320, 367, 286, 321, 317, 198, 287, 158]
636 3078 [378, 74, 316, 115, 336, 233, 238, 222, 232, 362, 309, 263]
638 2244 [148, 151, 235, 135, 295, 218, 161, 83, 172, 102, 313, 231]
639 2911 [85, 358, 362, 226, 217, 301, 162, 374, 272, 173, 99, 282]
640 2015 [106, 220, 197, 249, 160, 241, 210, 159, 127, 132, 136, 78]
641 2826 [250, 281, 75, 344, 274, 176, 235, 350, 102, 322, 114, 303]
642 2987 [300, 272, 362, 365, 345, 106, 239, 309, 195, 175, 187, 132]
644 2926 [89, 107, 354, 353, 318, 334, 352, 311, 142, 93, 253, 220]
643 2012 [310, 95, 306, 106, 183, 239, 83, 183, 165, 148, 117, 77]
645 2576 [208, 262, 221, 367, 257, 139, 87, 114, 213, 113, 260, 335]
647 2413 [115, 82, 301, 370, 123, 111, 74, 316, 334, 308, 139, 140]
646 2715 [360, 259, 180, 89, 325, 246, 98, 270, 264, 212, 78, 334]
648 2464 [241, 218, 156, 298, 176, 213, 108, 206, 157, 158, 252, 281]
649 2757 [376, 127, 304, 232, 200, 224, 85, 348, 238, 181, 296, 146]
650 3156 [284, 241, 101, 326, 91, 264, 377, 304, 264, 380, 372, 152]
651 2688 [327, 231, 234, 177, 225, 117, 84, 374, 112, 329, 358, 120]
652 2443 [88, 247, 332, 103, 148, 143, 359, 82, 208, 145, 258, 330]
653 3039 [289, 274, 79, 83, 225, 265, 324, 337, 232, 332, 290, 309]
654 2336 [128, 329, 290, 170, 104, 123, 342, 116, 365, 142, 121, 106]
655 3009 [117, 271, 330, 347, 261, 250, 219, 291, 318, 217, 274, 114]
656 2956 [142, 149, 354, 268, 183, 100, 302, 235, 293, 371, 220, 339]
658 2780 [268, 216, 202, 321, 259, 279, 286, 70, 115, 368, 109, 287]
657 2409 [136, 117, 359, 168, 255, 110, 109, 157, 332, 279, 159, 228]
659 2445 [173, 82, 304, 161, 161, 136, 295, 288, 314, 253, 127, 151]
660 2134 [76, 210, 280, 105, 265, 97, 279, 282, 106, 186, 151, 97]
661 3024 [344, 131, 299, 308, 169, 360, 365, 215, 169, 207, 212, 245]
663 2181 [237, 152, 132, 83, 199, 203, 126, 95, 199, 193, 361, 201]
664 2634 [273, 88, 215, 351, 171, 309, 99, 165, 339, 71, 305, 248]
662 2485 [195, 229, 102, 213, 272, 358, 156, 217, 148, 197, 320, 78]
665 2525 [205, 192, 145, 190, 335, 367, 308, 179, 136, 76, 217, 175]
666 2757 [228, 278, 293, 287, 246, 272, 120, 133, 346, 227, 125, 202]
667 2836 [291, 81, 210, 365, 377, 165, 86, 230, 268, 235, 189, 339]
668 3003 [228, 231, 237, 305, 111, 310, 285, 128, 315, 281, 323, 249]
669 3156 [380, 208, 99, 349, 145, 373, 214, 367, 142, 373, 254, 252]
670 2409 [124, 77, 340, 221, 133, 225, 149, 231, 278, 297, 234, 100]
671 2939 [356, 143, 266, 92, 71, 126, 270, 265, 352, 324, 343, 331]
672 2832 [245, 206, 156, 319, 309, 177, 338, 281, 234, 336, 95, 136]
674 2662 [342, 246, 282, 262, 70, 241, 189, 159, 77, 223, 241, 330]
673 2744 [127, 372, 218, 368, 347, 329, 183, 103, 135, 310, 85, 167]
675 2500 [95, 244, 145, 106, 332, 272, 295, 292, 137, 183, 329, 70]
676 2445 [186, 365, 102, 380, 205, 112, 74, 177, 320, 254, 166, 104]
677 2885 [123, 97, 359, 379, 351, 367, 244, 118, 266, 161, 342, 78]
678 2928 [257, 99, 144, 140, 218, 298, 379, 112, 356, 318, 347, 260]
679 2810 [371, 166, 182, 249, 331, 74, 343, 291, 221, 219, 180, 183]
680 2890 [260, 322, 296, 129, 324, 266, 280, 341, 253, 165, 183, 71]
681 2778 [86, 331, 244, 315, 251, 234, 117, 293, 87, 128, 330, 362]
682 2531 [108, 151, 79, 328, 260, 179, 352, 237, 274, 272, 71, 220]
683 2660 [178, 205, 312, 319, 105, 233, 331, 262, 128, 191, 127, 269]
685 2484 [244, 222, 105, 365, 74, 155, 234, 207, 232, 369, 117, 160]
684 3109 [293, 193, 75, 186, 379, 271, 280, 272, 321, 276, 328, 235]
686 3119 [349, 352, 123, 183, 357, 276, 355, 378, 97, 315, 201, 133]
687 2881 [321, 168, 218, 282, 349, 124, 151, 327, 327, 199, 214, 201]
688 3175 [350, 258, 304, 380, 74, 156, 342, 338, 352, 295, 137, 189]
689 2787 [148, 154, 281, 159, 278, 259, 194, 286, 298, 260, 356, 114]
690 2585 [94, 357, 284, 134, 341, 317, 283, 236, 166, 114, 81, 178]
691 3275 [296, 287, 328, 332, 316, 367, 218, 239, 127, 203, 207, 355]
692 2638 [305, 336, 136, 266, 154, 120, 115, 194, 330, 304, 299, 79]
693 3018 [314, 181, 342, 198, 268, 137, 136, 191, 224, 352, 339, 336]
694 3008 [190, 376, 322, 179, 321, 177, 184, 343, 304, 263, 124, 225]
695 3110 [325, 199, 351, 110, 328, 182, 86, 163, 332, 360, 298, 376]
696 2898 [224, 84, 126, 288, 244, 338, 311, 372, 93, 353, 90, 375]
697 2593 [374, 203, 276, 178, 160, 125, 157, 279, 222, 212, 261, 146]
698 2214 [159, 303, 236, 171, 170, 76, 144, 291, 97, 216, 219, 132]
699 3390 [156, 290, 271, 324, 296, 316, 372, 261, 320, 288, 245, 251]
701 2776 [226, 376, 371, 236, 365, 134, 129, 142, 207, 115, 223, 252]
700 2961 [344, 156, 85, 279, 257, 321, 332, 179, 271, 364, 97, 276]
702 2770 [121, 110, 161, 329, 309, 275, 142, 344, 90, 368, 181, 340]
703 2493 [136, 198, 378, 333, 271, 342, 123, 112, 127, 87, 284, 102]
704 2849 [267, 348, 253, 369, 144, 130, 242, 297, 299, 165, 223, 112]
705 2549 [232, 232, 258, 86, 112, 328, 226, 110, 300, 207, 258, 200]
706 2691 [283, 329, 116, 117, 288, 198, 199, 309, 224, 72, 339, 217]
707 2442 [159, 209, 254, 191, 142, 151, 340, 102, 140, 325, 117, 312]
708 3271 [204, 278, 293, 320, 175, 119, 333, 314, 366, 345, 224, 300]
711 2643 [245, 199, 105, 224, 162, 173, 376, 213, 120, 274, 221, 331]
710 2571 [206, 302, 87, 305, 177, 296, 142, 335, 165, 133, 346, 77]
709 2331 [298, 294, 235, 263, 169, 109, 89, 174, 98, 233, 167, 202]
712 2442 [293, 145, 91, 219, 84, 224, 302, 175, 174, 248, 133, 354]
713 3167 [175, 359, 362, 286, 334, 107, 222, 125, 192, 333, 378, 294]
714 2877 [334, 343, 138, 293, 235, 273, 328, 160, 71, 367, 126, 209]
716 2729 [316, 268, 172, 84, 190, 295, 166, 144, 326, 292, 357, 119]
717 2728 [135, 189, 171, 214, 335, 125, 317, 216, 182, 177, 325, 342]
715 2549 [345, 91, 79, 164, 311, 173, 288, 236, 259, 100, 293, 210]
718 3664 [310, 232, 303, 292, 367, 378, 254, 345, 243, 366, 288, 286]
719 2387 [96, 123, 318, 80, 329, 82, 202, 268, 205, 194, 151, 339]
722 3072 [164, 346, 110, 162, 374, 306, 196, 203, 187, 325, 370, 329]
721 2717 [295, 149, 316, 268, 369, 85, 215, 371, 178, 91, 269, 111]
723 2691 [100, 337, 266, 284, 243, 142, 166, 168, 92, 332, 201, 360]
724 2858 [358, 118, 79, 280, 229, 93, 167, 372, 293, 253, 288, 328]
720 3116 [71, 270, 356, 320, 282, 252, 237, 111, 332, 311, 369, 205]
725 2470 [329, 313, 75, 221, 254, 106, 269, 271, 71, 308, 143, 110]
726 2994 [313, 376, 122, 288, 155, 356, 148, 369, 222, 281, 207, 157]
727 2794 [323, 221, 166, 246, 184, 292, 299, 300, 363, 74, 185, 141]
728 2969 [100, 313, 350, 347, 126, 370, 223, 328, 151, 264, 219, 178]
729 2588 [181, 277, 91, 366, 111, 222, 280, 143, 247, 270, 220, 180]
730 2647 [269, 263, 191, 280, 344, 179, 123, 179, 307, 262, 82, 168]
731 3040 [196, 163, 353, 236, 200, 291, 207, 291, 365, 265, 344, 129]
732 2798 [221, 292, 319, 379, 184, 112, 147, 290, 304, 325, 104, 121]
734 2269 [316, 141, 195, 83, 76, 226, 118, 92, 216, 360, 336, 110]
733 2233 [112, 292, 198, 173, 160, 207, 183, 127, 88, 234, 207, 252]
735 2390 [348, 78, 321, 179, 227, 92, 149, 295, 121, 156, 247, 177]
739 2760 [316, 244, 349, 240, 135, 364, 123, 286, 270, 79, 141, 213]
737 2643 [278, 199, 228, 74, 128, 136, 150, 322, 186, 322, 338, 282]
736 2919 [90, 126, 308, 287, 326, 89, 188, 332, 290, 372, 357, 154]
738 2727 [97, 211, 129, 203, 190, 356, 186, 307, 232, 195, 275, 346]
741 3084 [356, 343, 144, 210, 121, 376, 318, 292, 207, 285, 172, 260]
743 2708 [352, 279, 267, 93, 193, 134, 133, 136, 329, 114, 336, 342]
740 2811 [161, 304, 285, 171, 354, 330, 162, 126, 205, 243, 366, 104]
742 2710 [174, 356, 303, 292, 245, 235, 178, 377, 263, 130, 70, 87]
744 3532 [179, 349, 265, 367, 319, 370, 317, 272, 357, 247, 204, 286]
745 2737 [327, 366, 366, 74, 179, 351, 143, 242, 127, 206, 267, 89]
746 2743 [218, 248, 321, 202, 223, 98, 328, 225, 111, 246, 173, 350]
748 2824 [367, 310, 176, 79, 365, 205, 227, 353, 107, 271, 78, 286]
747 2912 [82, 330, 289, 378, 298, 183, 203, 215, 80, 157, 373, 324]
749 2495 [260, 70, 339, 174, 77, 198, 92, 293, 364, 176, 103, 349]
751 2875 [120, 319, 339, 300, 210, 308, 121, 316, 242, 135, 249, 216]
750 3146 [158, 324, 284, 236, 213, 294, 100, 340, 279, 260, 300, 358]
752 2812 [350, 308, 362, 252, 380, 96, 86, 230, 118, 195, 129, 306]
753 2678 [324, 209, 311, 195, 269, 244, 223, 311, 144, 168, 75, 205]
754 2764 [124, 89, 239, 134, 312, 351, 287, 361, 117, 286, 114, 350]
755 2555 [301, 127, 115, 144, 104, 333, 271, 117, 332, 271, 258, 182]
758 2964 [319, 206, 339, 355, 206, 96, 379, 149, 140, 368, 265, 142]
757 2786 [344, 193, 172, 308, 216, 284, 224, 298, 105, 98, 168, 376]
756 2399 [345, 74, 108, 79, 215, 282, 156, 255, 112, 237, 201, 335]
759 3241 [269, 246, 328, 256, 281, 375, 330, 125, 242, 239, 339, 211]
760 2939 [285, 317, 127, 232, 203, 289, 321, 345, 107, 221, 329, 163]
762 2455 [174, 110, 152, 210, 109, 365, 217, 259, 219, 123, 249, 268]
761 2438 [245, 209, 218, 276, 302, 75, 360, 288, 92, 166, 72, 135]
763 2328 [74, 77, 201, 146, 164, 156, 82, 197, 335, 176, 374, 346]
764 2807 [254, 174, 208, 219, 278, 309, 81, 359, 245, 219, 130, 331]
765 2998 [343, 327, 153, 271, 290, 102, 343, 312, 110, 261, 147, 339]
766 2403 [279, 286, 235, 84, 244, 340, 125, 101, 136, 180, 279, 114]
767 2611 [236, 239, 342, 101, 132, 176, 360, 128, 242, 234, 181, 240]
768 2327 [258, 288, 178, 127, 145, 204, 161, 153, 318, 163, 236, 96]
769 3247 [354, 149, 371, 377, 267, 327, 192, 343, 155, 229, 121, 362]
770 3219 [196, 276, 313, 359, 343, 294, 87, 314, 263, 342, 107, 325]
772 2917 [254, 146, 286, 301, 294, 352, 96, 200, 364, 213, 336, 75]
771 2949 [240, 326, 231, 363, 224, 366, 263, 109, 187, 203, 275, 162]
773 3090 [328, 375, 259, 299, 289, 227, 355, 338, 128, 148, 258, 86]
774 2469 [111, 170, 176, 327, 160, 121, 248, 195, 313, 314, 154, 180]
775 2282 [169, 353, 106, 280, 329, 95, 269, 153, 189, 102, 138, 99]
776 2431 [353, 126, 289, 195, 158, 151, 289, 95, 113, 213, 183, 266]
778 2373 [75, 233, 189, 344, 101, 219, 143, 132, 287, 308, 205, 137]
777 3450 [90, 379, 187, 317, 354, 369, 193, 371, 235, 311, 314, 330]
779 3206 [128, 315, 356, 97, 313, 283, 373, 304, 338, 340, 110, 249]
780 2734 [306, 256, 358, 242, 104, 162, 207, 296, 314, 113, 221, 155]
782 2324 [109, 286, 103, 215, 322, 126, 370, 71, 167, 108, 362, 85]
781 2380 [195, 317, 248, 71, 137, 220, 205, 77, 293, 161, 367, 89]
783 2994 [193, 94, 261, 244, 279, 313, 107, 294, 341, 360, 253, 255]
784 2497 [94, 269, 338, 86, 371, 85, 317, 244, 88, 118, 135, 352]
785 2529 [80, 213, 145, 228, 314, 189, 89, 333, 316, 265, 129, 228]
786 2147 [103, 305, 283, 276, 149, 83, 283, 221, 80, 91, 88, 185]
788 2911 [292, 309, 357, 155, 327, 196, 70, 378, 136, 375, 189, 127]
789 3030 [356, 199, 188, 110, 301, 375, 160, 256, 294, 136, 349, 306]
787 2667 [318, 142, 312, 72, 183, 338, 191, 181, 150, 305, 378, 97]
791 2085 [168, 120, 211, 114, 149, 369, 218, 225, 78, 270, 88, 75]
792 2967 [291, 237, 188, 239, 333, 233, 187, 266, 213, 365, 207, 208]
793 2926 [175, 250, 316, 82, 327, 292, 93, 340, 269, 176, 284, 322]
794 2802 [342, 269, 331, 96, 131, 263, 90, 297, 127, 373, 363, 120]
795 3070 [327, 256, 260, 180, 353, 332, 132, 297, 162, 221, 171, 379]
796 3032 [262, 370, 272, 139, 95, 332, 332, 347, 227, 113, 256, 287]
797 2446 [264, 277, 88, 84, 146, 363, 191, 346, 206, 233, 96, 152]
798 2679 [82, 303, 297, 277, 137, 115, 301, 296, 268, 125, 188, 290]
799 2317 [219, 167, 334, 140, 169, 97, 80, 238, 379, 172, 131, 191]
800 2824 [279, 307, 83, 350, 122, 322, 322, 156, 373, 93, 111, 306]
790 2842 [231, 282, 160, 345, 124, 378, 282, 135, 350, 114, 85, 356]
801 2814 [364, 108, 372, 153, 309, 207, 143, 310, 244, 181, 218, 205]
803 2252 [129, 323, 142, 103, 226, 264, 92, 106, 216, 206, 303, 142]
802 2577 [273, 130, 356, 227, 167, 374, 148, 259, 90, 209, 106, 238]
804 2460 [377, 295, 149, 195, 210, 91, 325, 176, 78, 199, 219, 146]
805 3104 [369, 168, 208, 244, 214, 338, 293, 290, 238, 359, 141, 242]
806 2553 [181, 92, 220, 239, 102, 72, 325, 363, 214, 318, 99, 328]
807 2392 [342, 163, 102, 240, 362, 94, 117, 145, 218, 183, 325, 101]
809 3021 [226, 225, 221, 303, 284, 282, 189, 354, 376, 370, 84, 107]
808 2309 [93, 186, 192, 309, 302, 71, 251, 176, 269, 268, 81, 111]
810 2508 [192, 322, 316, 279, 247, 125, 275, 204, 155, 80, 79, 234]
811 2374 [279, 242, 253, 79, 127, 277, 259, 145, 150, 142, 239, 182]
812 3096 [221, 302, 250, 329, 240, 148, 236, 331, 291, 349, 316, 83]
813 2714 [97, 284, 212, 331, 229, 290, 140, 112, 134, 176, 340, 369]
814 2737 [307, 212, 124, 350, 224, 119, 240, 230, 228, 343, 71, 289]
815 2476 [102, 358, 185, 169, 180, 303, 127, 362, 181, 91, 183, 235]
816 2368 [124, 227, 379, 380, 231, 177, 144, 109, 135, 250, 99, 113]
817 2786 [229, 235, 221, 349, 297, 145, 339, 354, 238, 93, 109, 177]
819 2729 [200, 91, 309, 282, 357, 120, 192, 242, 348, 120, 329, 139]
820 2013 [110, 72, 121, 97, 215, 287, 85, 368, 133, 109, 293, 123]
818 2781 [345, 277, 269, 91, 122, 238, 271, 110, 223, 204, 345, 286]
821 2500 [362, 314, 138, 177, 141, 193, 84, 94, 345, 360, 99, 193]
822 2683 [139, 254, 73, 77, 192, 351, 293, 376, 98, 347, 379, 104]
823 2730 [191, 223, 356, 326, 159, 292, 148, 90, 230, 228, 142, 345]
825 3109 [152, 141, 358, 172, 193, 105, 300, 368, 319, 373, 314, 314]
826 2244 [70, 161, 70, 229, 321, 119, 220, 120, 246, 280, 250, 158]
824 1937 [128, 239, 84, 263, 176, 270, 70, 111, 277, 156, 85, 78]
827 2803 [355, 281, 228, 269, 204, 356, 140, 86, 96, 308, 130, 350]
828 2959 [225, 233, 335, 275, 208, 339, 240, 254, 145, 82, 307, 316]
830 3018 [151, 281, 374, 254, 308, 136, 306, 379, 70, 355, 142, 262]
829 2994 [213, 356, 197, 238, 206, 152, 221, 338, 374, 296, 226, 177]
831 3038 [190, 252, 325, 348, 156, 378, 325, 169, 134, 194, 251, 316]
832 2327 [109, 277, 123, 167, 295, 160, 222, 183, 289, 186, 191, 125]
833 2385 [360, 344, 141, 202, 192, 206, 180, 83, 197, 95, 218, 167]
834 3276 [306, 304, 358, 377, 346, 99, 262, 351, 319, 126, 89, 339]
836 2457 [221, 216, 173, 262, 140, 357, 193, 115, 151, 170, 125, 334]
835 2489 [309, 302, 112, 267, 70, 158, 160, 208, 320, 79, 192, 312]
837 2486 [103, 108, 187, 350, 219, 238, 366, 147, 223, 189, 140, 216]
838 2430 [185, 123, 163, 175, 378, 173, 197, 371, 183, 89, 288, 105]
839 2295 [269, 127, 224, 214, 74, 90, 316, 274, 109, 178, 202, 218]
840 3139 [299, 356, 165, 312, 310, 108, 285, 147, 347, 262, 342, 206]
841 2301 [72, 251, 287, 121, 187, 195, 86, 124, 309, 316, 192, 161]
842 2605 [296, 225, 256, 227, 261, 174, 210, 288, 125, 182, 225, 136]
843 2943 [174, 102, 343, 186, 375, 318, 377, 113, 287, 213, 148, 307]
845 2164 [73, 369, 127, 168, 259, 82, 106, 89, 122, 245, 284, 240]
844 2451 [299, 195, 167, 145, 110, 177, 182, 245, 86, 349, 371, 125]
846 2200 [260, 101, 150, 136, 180, 125, 307, 183, 270, 163, 158, 167]
847 3202 [347, 87, 315, 176, 287, 269, 228, 316, 314, 340, 168, 355]
848 2765 [325, 142, 234, 307, 133, 190, 357, 256, 128, 242, 232, 219]
849 2652 [175, 204, 119, 72, 367, 289, 369, 179, 309, 101, 207, 261]
850 2737 [245, 139, 133, 226, 136, 298, 316, 144, 352, 159, 343, 246]
851 2545 [100, 374, 139, 123, 284, 142, 288, 331, 331, 72, 103, 258]
852 2918 [78, 174, 309, 291, 323, 125, 344, 209, 378, 277, 269, 141]
854 2722 [287, 315, 304, 125, 111, 225, 324, 220, 205, 122, 336, 148]
855 2874 [170, 342, 162, 112, 354, 199, 346, 126, 357, 137, 302, 267]
853 2885 [245, 115, 243, 304, 230, 357, 291, 269, 285, 136, 98, 312]
856 2892 [348, 190, 222, 364, 293, 136, 117, 214, 208, 275, 259, 266]
857 2418 [163, 122, 134, 118, 302, 89, 317, 127, 161, 336, 278, 271]
858 2591 [190, 356, 167, 189, 131, 281, 79, 312, 248, 79, 365, 194]
860 3144 [360, 266, 115, 336, 259, 245, 270, 371, 168, 338, 96, 320]
859 3027 [249, 371, 284, 349, 252, 169, 179, 263, 209, 206, 309, 187]
861 2730 [345, 252, 274, 187, 367, 266, 187, 116, 211, 103, 115, 307]
862 2088 [121, 221, 104, 198, 268, 169, 108, 102, 158, 75, 226, 338]
863 2756 [131, 218, 344, 288, 96, 360, 203, 116, 352, 131, 354, 163]
864 2581 [202, 357, 76, 236, 142, 255, 193, 370, 263, 178, 120, 189]
866 2520 [371, 192, 126, 195, 221, 362, 98, 126, 346, 259, 138, 86]
865 2653 [195, 372, 160, 368, 202, 320, 165, 77, 145, 150, 172, 327]
867 3086 [304, 238, 88, 287, 334, 116, 377, 209, 352, 255, 175, 351]
868 2861 [86, 311, 281, 233, 150, 178, 350, 228, 239, 315, 153, 337]
869 2624 [150, 143, 132, 348, 270, 186, 104, 116, 263, 165, 374, 373]
871 2591 [281, 248, 70, 210, 74, 192, 244, 71, 282, 327, 370, 222]
870 2277 [78, 367, 258, 215, 173, 127, 196, 165, 182, 77, 270, 169]
872 2708 [252, 329, 234, 201, 242, 265, 242, 123, 232, 187, 165, 236]
873 2253 [324, 212, 272, 148, 70, 145, 313, 242, 244, 79, 124, 80]
874 3093 [341, 377, 126, 327, 153, 240, 374, 190, 121, 369, 265, 210]
875 2624 [332, 106, 332, 99, 207, 202, 165, 169, 174, 202, 370, 266]
876 2825 [317, 194, 312, 114, 213, 279, 228, 346, 357, 76, 111, 278]
877 2898 [195, 274, 330, 80, 256, 370, 288, 250, 292, 131, 249, 183]
878 2889 [230, 375, 147, 331, 118, 234, 336, 231, 342, 282, 73, 190]
879 2131 [91, 140, 221, 103, 91, 351, 273, 203, 102, 83, 344, 129]
880 2389 [154, 175, 349, 70, 128, 93, 355, 291, 170, 79, 355, 170]
881 2889 [136, 359, 283, 352, 283, 125, 222, 307, 189, 318, 117, 198]
882 2954 [289, 185, 366, 110, 170, 330, 320, 123, 335, 168, 209, 349]
883 2332 [91, 248, 128, 197, 156, 235, 225, 312, 118, 117, 355, 150]
884 3285 [182, 349, 334, 175, 162, 216, 225, 294, 361, 379, 337, 271]
885 2023 [124, 98, 164, 194, 265, 234, 207, 76, 321, 139, 108, 93]
886 2316 [117, 77, 128, 307, 256, 94, 252, 318, 98, 331, 83, 255]
887 2487 [198, 129, 338, 275, 299, 94, 87, 179, 112, 353, 233, 190]
888 3049 [119, 334, 291, 291, 245, 290, 310, 232, 195, 377, 110, 255]
889 2341 [324, 114, 359, 229, 206, 254, 134, 95, 210, 153, 132, 131]
890 2913 [100, 278, 297, 119, 273, 267, 238, 363, 374, 101, 281, 222]
892 2246 [70, 185, 168, 183, 358, 164, 286, 155, 232, 172, 160, 113]
891 2793 [210, 129, 166, 273, 154, 128, 74, 372, 296, 271, 350, 370]
893 2259 [76, 91, 253, 80, 126, 76, 204, 252, 352, 99, 322, 328]
894 2778 [183, 241, 247, 271, 281, 83, 110, 218, 122, 359, 362, 301]
896 2708 [142, 226, 211, 101, 286, 186, 210, 290, 280, 297, 333, 146]
895 2808 [250, 280, 278, 329, 289, 139, 210, 259, 213, 88, 130, 343]
897 2433 [380, 181, 119, 86, 126, 135, 215, 95, 362, 215, 377, 142]
898 2675 [355, 143, 300, 101, 254, 114, 98, 368, 298, 309, 241, 94]
899 2685 [245, 235, 278, 72, 370, 362, 191, 86, 203, 307, 143, 193]
900 2821 [274, 138, 295, 70, 151, 373, 272, 303, 122, 314, 289, 220]
902 2283 [154, 288, 177, 292, 192, 301, 153, 176, 152, 89, 222, 87]
904 3018 [157, 162, 361, 231, 361, 247, 238, 270, 174, 304, 307, 206]
901 3083 [351, 177, 303, 307, 135, 151, 359, 223, 313, 334, 310, 120]
903 3196 [264, 307, 240, 328, 314, 365, 246, 106, 291, 279, 354, 102]
906 2855 [137, 245, 283, 85, 177, 306, 318, 299, 346, 260, 273, 126]
907 2341 [148, 285, 234, 198, 163, 277, 192, 102, 348, 102, 214, 78]
909 2611 [332, 227, 84, 148, 324, 197, 346, 150, 248, 164, 207, 184]
908 2408 [131, 377, 273, 204, 103, 265, 80, 124, 240, 132, 266, 213]
910 2503 [142, 127, 142, 372, 94, 311, 340, 226, 148, 172, 355, 74]
911 2916 [302, 296, 325, 199, 153, 279, 252, 165, 264, 141, 347, 193]
912 2738 [212, 261, 160, 240, 250, 351, 163, 286, 77, 184, 333, 221]
913 2440 [154, 284, 106, 121, 210, 148, 262, 255, 196, 325, 284, 95]
914 2260 [85, 156, 211, 113, 155, 80, 176, 285, 236, 204, 307, 252]
916 2692 [339, 270, 202, 285, 105, 133, 317, 339, 174, 189, 184, 155]
915 2194 [121, 105, 182, 109, 209, 373, 230, 133, 89, 149, 219, 275]
917 2270 [91, 157, 112, 242, 75, 178, 322, 180, 200, 75, 327, 311]
918 2625 [115, 325, 197, 182, 72, 350, 364, 247, 140, 192, 226, 215]
920 2975 [203, 125, 185, 112, 299, 261, 343, 354, 209, 256, 353, 275]
919 2614 [203, 204, 323, 179, 199, 355, 189, 126, 102, 271, 103, 360]
921 2563 [228, 77, 319, 95, 370, 209, 131, 85, 304, 248, 124, 373]
922 2013 [251, 251, 124, 153, 88, 99, 169, 337, 70, 143, 199, 129]
923 2755 [186, 141, 170, 359, 211, 166, 321, 355, 256, 378, 102, 110]
924 3266 [284, 372, 262, 104, 364, 100, 168, 218, 359, 335, 352, 348]
925 3209 [180, 342, 268, 380, 319, 348, 268, 190, 297, 188, 96, 333]
905 2583 [205, 104, 373, 208, 155, 149, 202, 289, 249, 308, 147, 194]
926 2178 [126, 90, 127, 146, 129, 165, 260, 178, 229, 212, 301, 215]
927 2791 [122, 178, 279, 259, 207, 266, 254, 378, 130, 100, 248, 370]
929 2980 [236, 159, 276, 146, 340, 295, 127, 295, 353, 247, 293, 213]
928 2856 [260, 203, 219, 77, 312, 246, 189, 230, 295, 352, 367, 106]
930 2559 [70, 229, 100, 317, 76, 286, 336, 366, 225, 145, 281, 128]
931 2357 [363, 148, 71, 214, 272, 326, 102, 95, 122, 168, 313, 163]
932 2723 [378, 139, 295, 89, 92, 222, 216, 154, 315, 357, 309, 157]
933 2049 [230, 91, 231, 99, 265, 112, 136, 157, 269, 294, 82, 83]
935 2749 [266, 243, 352, 352, 201, 321, 168, 239, 77, 164, 258, 108]
934 2632 [237, 351, 158, 188, 183, 114, 283, 361, 297, 155, 231, 74]
936 2817 [291, 234, 154, 377, 218, 196, 325, 236, 116, 105, 243, 322]
937 1928 [115, 303, 110, 209, 144, 117, 303, 93, 135, 93, 219, 87]
940 2621 [338, 297, 133, 234, 84, 189, 309, 278, 173, 134, 281, 171]
939 2725 [187, 142, 193, 274, 318, 95, 199, 255, 177, 242, 275, 368]
938 2352 [213, 354, 106, 207, 267, 190, 114, 237, 181, 80, 115, 288]
942 3012 [333, 73, 361, 171, 271, 241, 273, 295, 251, 253, 263, 227]
941 2733 [230, 242, 86, 351, 152, 251, 304, 221, 76, 263, 373, 184]
943 2843 [218, 269, 169, 129, 267, 302, 157, 95, 340, 242, 361, 294]
944 2514 [255, 209, 302, 138, 141, 263, 90, 318, 218, 112, 360, 108]
946 3100 [312, 356, 246, 125, 344, 206, 140, 323, 110, 221, 364, 353]
947 2787 [156, 332, 238, 348, 70, 186, 248, 370, 212, 211, 227, 189]
948 2343 [286, 247, 215, 94, 156, 319, 133, 71, 342, 98, 115, 267]
949 2748 [330, 253, 80, 211, 308, 345, 103, 352, 258, 198, 196, 114]
950 2555 [78, 261, 124, 241, 80, 70, 351, 349, 192, 257, 332, 220]
945 3378 [374, 313, 368, 217, 135, 314, 161, 335, 377, 196, 216, 372]
951 2806 [287, 275, 94, 287, 240, 340, 123, 300, 287, 277, 128, 168]
952 2638 [238, 285, 276, 188, 128, 311, 318, 219, 90, 110, 326, 149]
955 2682 [89, 372, 93, 216, 378, 261, 251, 133, 290, 243, 99, 257]
953 2661 [200, 206, 324, 248, 221, 370, 210, 221, 235, 228, 89, 109]
954 2624 [93, 152, 376, 232, 184, 146, 169, 316, 176, 237, 200, 343]
956 2425 [130, 167, 287, 174, 73, 301, 141, 203, 327, 81, 353, 188]
959 2279 [94, 140, 113, 74, 114, 376, 241, 72, 253, 186, 248, 368]
957 3323 [277, 376, 368, 138, 380, 196, 320, 355, 177, 150, 302, 284]
958 2913 [303, 244, 297, 208, 295, 203, 144, 361, 217, 353, 72, 216]
960 2383 [138, 151, 176, 277, 186, 331, 167, 204, 301, 197, 145, 110]
961 2493 [340, 263, 182, 246, 171, 215, 82, 296, 217, 153, 214, 114]
964 2435 [211, 170, 326, 116, 145, 287, 129, 180, 328, 119, 225, 199]
965 2582 [290, 189, 134, 324, 224, 112, 112, 336, 291, 78, 326, 166]
963 3102 [105, 368, 162, 335, 199, 321, 209, 193, 326, 271, 265, 348]
962 2110 [154, 174, 189, 157, 238, 301, 125, 222, 125, 90, 173, 162]
966 2677 [138, 73, 89, 103, 328, 204, 236, 348, 374, 153, 253, 378]
967 2621 [118, 137, 189, 308, 346, 269, 83, 289, 303, 285, 165, 129]
968 3013 [258, 250, 193, 242, 189, 343, 277, 337, 306, 279, 178, 161]
969 2547 [240, 327, 72, 163, 215, 108, 240, 306, 337, 188, 158, 193]
971 2804 [182, 277, 299, 342, 281, 131, 311, 130, 242, 90, 300, 219]
970 2808 [363, 155, 226, 106, 190, 321, 192, 311, 299, 75, 269, 301]
972 2897 [356, 109, 166, 156, 107, 167, 374, 211, 276, 257, 366, 352]
973 2638 [317, 83, 294, 271, 238, 325, 171, 369, 125, 123, 226, 96]
977 1836 [108, 117, 297, 137, 141, 84, 99, 139, 105, 151, 334, 124]
975 2666 [72, 284, 259, 223, 149, 107, 161, 288, 291, 194, 261, 377]
976 3739 [340, 365, 328, 114, 371, 368, 357, 290, 316, 360, 210, 320]
974 2763 [276, 110, 272, 209, 127, 290, 325, 124, 217, 316, 159, 338]
978 2974 [328, 236, 362, 315, 98, 196, 339, 305, 125, 126, 209, 335]
979 2325 [250, 316, 117, 266, 86, 124, 175, 275, 156, 257, 204, 99]
980 2613 [367, 156, 273, 91, 247, 326, 168, 314, 111, 107, 163, 290]
982 2634 [118, 145, 74, 213, 334, 190, 154, 372, 341, 300, 309, 84]
981 2563 [181, 135, 210, 303, 216, 197, 174, 250, 172, 244, 334, 147]
983 2597 [308, 227, 86, 208, 329, 254, 167, 127, 267, 238, 119, 267]
984 2342 [168, 154, 140, 113, 113, 315, 112, 224, 198, 275, 311, 219]
985 2544 [160, 115, 165, 135, 348, 317, 164, 305, 125, 244, 260, 206]
987 2899 [328, 117, 241, 226, 134, 355, 248, 371, 342, 240, 93, 204]
986 2642 [155, 152, 309, 303, 299, 104, 335, 252, 188, 357, 72, 116]
988 2341 [119, 265, 238, 77, 105, 104, 187, 297, 160, 231, 331, 227]
989 2918 [374, 165, 135, 367, 207, 189, 372, 85, 295, 316, 150, 263]
990 3472 [354, 198, 353, 120, 366, 372, 276, 368, 372, 356, 150, 187]
992 2547 [149, 344, 129, 198, 99, 361, 343, 105, 364, 140, 209, 106]
991 2987 [332, 206, 100, 218, 87, 132, 374, 365, 273, 196, 367, 337]
993 3003 [362, 266, 214, 379, 279, 199, 191, 330, 290, 157, 219, 117]
994 2961 [347, 293, 72, 215, 299, 373, 122, 100, 302, 205, 258, 375]
995 2512 [156, 214, 206, 80, 368, 318, 97, 211, 152, 141, 321, 248]
998 2126 [103, 116, 353, 294, 85, 290, 117, 189, 214, 119, 161, 85]
997 2590 [74, 155, 177, 305, 341, 319, 180, 126, 323, 155, 94, 341]
996 2658 [125, 306, 361, 351, 207, 80, 260, 219, 265, 308, 74, 102]
999 2551 [330, 353, 125, 177, 214, 110, 233, 246, 113, 134, 270, 246]
1000 2910 [197, 322, 244, 194, 257, 348, 99, 334, 254, 379, 129, 153]
