1 3012 [449, 215, 379, 310, 199, 300, 139, 180, 170, 348, 161, 162]
3 3042 [189, 326, 413, 168, 197, 252, 313, 224, 202, 305, 250, 203]
4 3764 [180, 264, 384, 207, 411, 330, 410, 321, 377, 319, 326, 235]
2 3459 [386, 351, 226, 340, 295, 343, 395, 371, 200, 161, 160, 231]
6 3573 [341, 225, 248, 314, 411, 298, 360, 234, 201, 251, 318, 372]
7 2824 [353, 227, 140, 224, 235, 185, 182, 388, 261, 278, 192, 159]
8 3380 [407, 234, 418, 395, 195, 210, 332, 334, 180, 369, 142, 164]
9 3470 [279, 218, 187, 362, 243, 319, 344, 324, 150, 380, 295, 369]
10 3411 [347, 236, 301, 297, 217, 207, 299, 272, 149, 448, 422, 216]
11 3815 [285, 321, 411, 428, 213, 407, 376, 344, 258, 280, 191, 301]
5 3783 [343, 267, 429, 423, 174, 209, 382, 188, 277, 385, 327, 379]
12 3126 [222, 272, 365, 155, 155, 337, 273, 370, 139, 188, 422, 228]
13 3204 [287, 344, 330, 250, 390, 179, 169, 178, 157, 214, 342, 364]
14 3725 [180, 335, 449, 348, 184, 357, 374, 403, 276, 256, 174, 389]
16 3263 [381, 278, 171, 176, 216, 418, 375, 283, 345, 270, 180, 170]
17 3156 [322, 214, 361, 239, 169, 232, 213, 164, 374, 214, 441, 213]
18 3345 [315, 432, 294, 165, 202, 292, 140, 180, 269, 393, 447, 216]
19 3954 [429, 286, 418, 299, 171, 413, 176, 333, 265, 393, 408, 363]
20 3495 [322, 259, 442, 145, 233, 429, 253, 184, 228, 218, 400, 382]
21 4192 [440, 364, 294, 433, 239, 336, 231, 305, 380, 372, 389, 409]
22 3154 [265, 303, 149, 279, 377, 206, 311, 299, 139, 142, 400, 284]
23 3356 [201, 326, 184, 235, 228, 205, 198, 314, 422, 395, 245, 403]
24 3222 [371, 340, 416, 266, 182, 279, 212, 367, 139, 148, 190, 312]
25 3531 [238, 141, 280, 364, 326, 258, 442, 245, 339, 286, 184, 428]
15 3352 [395, 140, 273, 423, 199, 387, 387, 239, 320, 140, 156, 293]
27 3181 [270, 377, 199, 376, 172, 191, 359, 243, 339, 184, 151, 320]
26 3136 [323, 373, 446, 205, 173, 153, 231, 263, 268, 274, 140, 287]
28 3449 [346, 174, 291, 341, 355, 251, 187, 223, 204, 326, 354, 397]
30 3753 [364, 198, 253, 425, 198, 341, 437, 339, 317, 141, 373, 367]
31 3765 [291, 282, 384, 271, 381, 257, 214, 267, 303, 377, 418, 320]
32 3690 [165, 336, 202, 396, 422, 157, 147, 362, 383, 290, 447, 383]
33 3598 [277, 377, 383, 299, 326, 167, 217, 244, 272, 343, 275, 418]
34 3352 [308, 414, 284, 232, 205, 252, 434, 252, 173, 297, 326, 175]
35 3474 [393, 199, 215, 437, 303, 183, 232, 402, 275, 161, 392, 282]
36 3614 [144, 280, 254, 361, 445, 209, 301, 364, 409, 216, 448, 183]
37 3467 [279, 436, 335, 257, 237, 283, 353, 314, 146, 357, 237, 233]
38 3266 [293, 368, 173, 225, 337, 139, 342, 324, 323, 251, 352, 139]
39 3255 [239, 181, 227, 288, 228, 314, 245, 150, 448, 306, 325, 304]
40 3524 [319, 372, 437, 200, 390, 285, 141, 291, 188, 375, 182, 344]
29 3371 [295, 367, 207, 180, 176, 324, 162, 378, 292, 353, 394, 243]
42 3376 [343, 285, 250, 296, 258, 431, 331, 140, 216, 320, 161, 345]
41 3743 [280, 448, 228, 204, 257, 409, 212, 302, 369, 241, 367, 426]
43 3859 [410, 327, 399, 167, 354, 414, 253, 440, 215, 257, 194, 429]
44 3336 [245, 228, 408, 140, 288, 276, 321, 447, 242, 173, 167, 401]
45 3596 [148, 205, 278, 449, 383, 432, 284, 345, 273, 387, 247, 165]
46 3646 [369, 243, 242, 177, 317, 333, 403, 186, 417, 304, 212, 443]
47 4174 [249, 392, 365, 376, 271, 352, 286, 402, 336, 413, 353, 379]
48 3521 [215, 143, 292, 196, 442, 360, 280, 410, 353, 348, 170, 312]
49 3136 [413, 192, 370, 155, 259, 380, 189, 273, 181, 349, 231, 144]
50 3347 [251, 174, 290, 317, 271, 276, 306, 377, 216, 241, 268, 360]
51 3437 [357, 287, 208, 194, 329, 320, 211, 442, 282, 340, 270, 197]
52 3820 [242, 424, 335, 272, 277, 362, 345, 248, 448, 444, 225, 198]
53 3688 [316, 396, 157, 348, 448, 334, 194, 280, 367, 301, 194, 353]
54 3803 [143, 358, 407, 375, 340, 381, 338, 317, 390, 155, 370, 229]
55 3436 [424, 335, 392, 180, 163, 353, 448, 316, 153, 252, 186, 234]
56 2982 [401, 178, 208, 203, 222, 222, 390, 165, 382, 152, 189, 270]
58 3240 [325, 154, 297, 260, 254, 269, 396, 362, 144, 163, 379, 237]
57 3930 [388, 352, 154, 359, 398, 424, 357, 341, 312, 203, 406, 236]
59 3164 [251, 139, 204, 174, 209, 276, 447, 310, 324, 265, 159, 406]
60 3531 [396, 433, 249, 434, 297, 189, 267, 272, 369, 200, 220, 205]
61 3157 [280, 343, 361, 214, 309, 218, 168, 215, 262, 175, 176, 436]
62 3359 [262, 159, 431, 234, 420, 167, 222, 292, 154, 410, 219, 389]
63 2685 [142, 213, 247, 139, 205, 148, 213, 417, 293, 172, 232, 264]
64 3527 [377, 219, 431, 147, 257, 246, 198, 295, 404, 434, 152, 367]
65 3840 [396, 299, 231, 241, 283, 389, 409, 378, 338, 257, 385, 234]
66 3496 [387, 284, 449, 323, 269, 319, 237, 373, 160, 241, 186, 268]
68 3450 [243, 147, 185, 327, 410, 401, 309, 370, 190, 377, 155, 336]
69 3257 [356, 276, 311, 181, 371, 284, 225, 254, 200, 168, 313, 318]
67 3399 [215, 338, 276, 447, 293, 318, 296, 312, 316, 186, 206, 196]
71 3890 [236, 378, 258, 440, 165, 365, 425, 233, 321, 446, 359, 264]
72 3453 [152, 352, 196, 204, 175, 283, 305, 439, 383, 395, 418, 151]
73 3056 [191, 218, 225, 335, 208, 250, 413, 211, 207, 349, 219, 230]
70 3120 [327, 155, 418, 153, 373, 180, 204, 141, 256, 139, 411, 363]
75 3897 [301, 364, 404, 220, 361, 396, 332, 356, 217, 220, 437, 289]
76 3656 [190, 201, 364, 401, 378, 219, 225, 416, 314, 371, 328, 249]
77 2791 [189, 213, 196, 237, 304, 257, 183, 164, 240, 337, 214, 257]
78 3970 [292, 239, 266, 446, 233, 418, 361, 383, 216, 340, 382, 394]
74 3550 [313, 382, 292, 172, 428, 256, 229, 294, 356, 188, 358, 282]
79 3803 [403, 381, 400, 148, 390, 324, 283, 293, 295, 312, 269, 305]
81 3571 [330, 444, 399, 238, 390, 177, 206, 416, 350, 186, 275, 160]
80 4049 [144, 376, 211, 337, 389, 389, 416, 169, 429, 447, 417, 325]
83 3713 [344, 248, 307, 303, 340, 360, 353, 382, 145, 280, 390, 261]
82 3012 [202, 231, 387, 225, 245, 396, 281, 303, 148, 143, 245, 206]
84 3118 [228, 242, 349, 154, 402, 318, 266, 252, 177, 184, 151, 395]
86 3856 [443, 204, 205, 284, 404, 387, 307, 340, 434, 343, 312, 193]
85 3742 [343, 433, 307, 352, 372, 164, 446, 170, 195, 228, 407, 325]
88 4029 [148, 358, 441, 427, 445, 227, 282, 327, 300, 264, 435, 375]
89 3182 [195, 225, 204, 193, 280, 386, 421, 158, 347, 363, 247, 163]
90 2756 [144, 300, 221, 159, 289, 145, 140, 189, 170, 297, 390, 312]
91 3593 [448, 214, 173, 414, 443, 159, 157, 216, 277, 282, 444, 366]
92 3658 [402, 429, 351, 320, 304, 305, 189, 354, 188, 255, 161, 400]
87 3915 [304, 357, 159, 446, 349, 382, 432, 406, 287, 402, 216, 175]
93 3353 [347, 207, 162, 428, 298, 189, 225, 182, 302, 171, 440, 402]
95 4192 [199, 208, 440, 324, 435, 365, 423, 393, 355, 407, 403, 240]
94 3727 [433, 200, 237, 380, 166, 375, 194, 350, 424, 319, 291, 358]
97 3304 [386, 196, 160, 409, 343, 242, 282, 372, 262, 142, 266, 244]
96 2826 [326, 277, 304, 312, 330, 139, 210, 153, 166, 186, 257, 166]
98 3339 [200, 402, 276, 185, 169, 273, 361, 407, 254, 153, 376, 283]
100 3567 [277, 395, 156, 296, 379, 367, 275, 297, 178, 272, 449, 226]
99 3028 [397, 357, 234, 183, 252, 163, 232, 409, 221, 222, 152, 206]
101 3835 [399, 180, 344, 260, 441, 238, 350, 222, 434, 332, 381, 254]
102 3718 [302, 447, 430, 362, 289, 279, 238, 446, 160, 170, 436, 159]
104 3556 [250, 339, 345, 275, 349, 446, 174, 334, 280, 148, 266, 350]
103 3596 [194, 424, 180, 391, 432, 331, 147, 400, 326, 147, 198, 426]
105 3302 [243, 261, 152, 253, 296, 193, 216, 386, 226, 384, 432, 260]
106 3167 [152, 221, 322, 271, 335, 358, 341, 339, 193, 238, 245, 152]
107 3786 [436, 312, 344, 304, 227, 430, 357, 151, 320, 364, 291, 250]
108 3287 [185, 349, 295, 145, 224, 408, 310, 429, 184, 216, 243, 299]
109 3402 [207, 260, 190, 242, 169, 285, 441, 387, 448, 172, 437, 164]
111 3804 [439, 320, 418, 289, 306, 217, 235, 257, 328, 405, 310, 280]
112 3950 [426, 200, 302, 299, 429, 240, 348, 396, 173, 413, 290, 434]
113 3648 [397, 391, 142, 154, 325, 319, 406, 387, 297, 195, 287, 348]
114 3003 [260, 426, 351, 170, 160, 278, 162, 239, 239, 250, 271, 197]
115 2969 [150, 189, 194, 261, 432, 205, 305, 281, 421, 177, 166, 188]
116 3834 [285, 361, 241, 414, 278, 398, 442, 341, 345, 309, 147, 273]
110 3276 [283, 164, 240, 213, 213, 275, 210, 411, 269, 375, 359, 264]
118 2410 [162, 176, 146, 183, 161, 235, 293, 207, 203, 227, 181, 236]
119 3769 [341, 243, 283, 391, 319, 157, 437, 163, 317, 449, 248, 421]
120 4042 [350, 268, 366, 399, 427, 194, 439, 438, 384, 335, 151, 291]
121 4086 [447, 440, 236, 195, 449, 316, 161, 390, 399, 319, 306, 428]
117 3502 [283, 322, 395, 392, 153, 249, 365, 152, 300, 389, 225, 277]
123 3705 [396, 393, 352, 268, 332, 250, 332, 237, 347, 235, 398, 165]
124 3656 [165, 252, 424, 308, 362, 442, 280, 372, 409, 222, 263, 157]
125 3467 [248, 299, 223, 207, 364, 224, 435, 392, 277, 310, 344, 144]
122 2911 [351, 395, 264, 172, 319, 187, 168, 224, 157, 248, 206, 220]
126 2634 [447, 150, 283, 258, 156, 145, 185, 173, 164, 240, 211, 222]
127 3388 [322, 238, 284, 410, 378, 251, 314, 170, 355, 264, 258, 144]
128 4034 [392, 231, 379, 235, 260, 430, 343, 401, 207, 425, 339, 392]
129 3198 [187, 228, 406, 271, 350, 305, 246, 302, 190, 244, 315, 154]
131 3406 [350, 232, 236, 390, 356, 241, 155, 243, 248, 405, 172, 378]
132 3742 [253, 389, 180, 152, 386, 355, 442, 313, 319, 227, 315, 411]
133 2951 [139, 344, 168, 326, 185, 373, 186, 209, 421, 197, 225, 178]
134 3469 [408, 212, 148, 184, 389, 234, 417, 171, 444, 228, 194, 440]
135 4265 [278, 281, 449, 353, 384, 341, 359, 309, 226, 401, 442, 442]
136 3280 [226, 180, 287, 163, 291, 418, 371, 215, 282, 257, 262, 328]
137 3908 [409, 304, 365, 316, 323, 409, 243, 377, 321, 165, 266, 410]
138 3904 [280, 405, 261, 381, 340, 175, 389, 327, 420, 321, 416, 189]
139 3529 [386, 352, 140, 169, 310, 227, 395, 439, 144, 160, 400, 407]
140 3450 [187, 407, 375, 274, 322, 437, 172, 211, 188, 150, 279, 448]
141 4049 [432, 372, 323, 421, 184, 352, 411, 332, 297, 217, 344, 364]
130 3444 [265, 248, 306, 223, 385, 204, 245, 258, 390, 406, 332, 182]
143 3541 [418, 406, 181, 240, 358, 222, 155, 274, 379, 363, 363, 182]
142 3494 [178, 347, 151, 226, 321, 352, 226, 288, 349, 392, 297, 367]
144 3119 [184, 229, 139, 258, 365, 224, 191, 384, 308, 314, 321, 202]
146 3724 [225, 328, 243, 416, 292, 299, 248, 429, 338, 424, 284, 198]
147 3270 [153, 139, 353, 323, 155, 160, 425, 443, 292, 260, 152, 415]
145 3180 [397, 301, 275, 269, 444, 203, 196, 299, 156, 148, 301, 191]
148 3873 [285, 152, 412, 436, 307, 357, 290, 163, 443, 370, 439, 219]
149 2888 [184, 168, 429, 180, 298, 164, 283, 148, 194, 224, 349, 267]
150 3682 [416, 286, 230, 271, 244, 382, 273, 399, 361, 302, 290, 228]
152 3434 [312, 191, 384, 398, 199, 376, 335, 427, 357, 165, 150, 140]
153 3506 [420, 300, 338, 371, 222, 316, 423, 214, 162, 323, 228, 189]
154 2976 [207, 272, 198, 342, 273, 153, 172, 237, 421, 173, 216, 312]
155 3090 [170, 190, 359, 157, 440, 141, 139, 278, 319, 388, 188, 321]
151 3789 [431, 424, 338, 266, 234, 294, 236, 361, 392, 163, 433, 217]
156 3169 [369, 362, 175, 192, 379, 147, 192, 415, 151, 142, 243, 402]
158 3195 [198, 306, 316, 193, 182, 348, 448, 180, 351, 147, 355, 171]
159 3808 [407, 393, 427, 316, 185, 258, 319, 426, 244, 220, 339, 274]
160 3597 [223, 293, 416, 324, 406, 146, 145, 293, 392, 315, 340, 304]
161 3391 [212, 356, 148, 330, 261, 274, 341, 241, 224, 233, 391, 380]
162 2939 [186, 449, 344, 217, 345, 222, 146, 193, 381, 139, 155, 162]
163 3082 [230, 203, 290, 224, 193, 447, 326, 159, 196, 141, 408, 265]
164 3098 [326, 206, 169, 395, 253, 246, 365, 215, 190, 175, 286, 272]
165 4062 [362, 403, 362, 438, 378, 250, 441, 289, 389, 416, 144, 190]
166 3389 [427, 208, 229, 434, 208, 222, 413, 375, 231, 283, 167, 192]
167 3780 [404, 139, 368, 376, 220, 370, 297, 441, 390, 149, 206, 420]
168 3338 [290, 231, 172, 214, 175, 439, 370, 239, 174, 426, 248, 360]
169 3173 [195, 438, 320, 240, 185, 151, 292, 141, 190, 409, 248, 364]
170 2913 [353, 220, 238, 211, 216, 203, 179, 177, 263, 326, 163, 364]
171 3322 [399, 265, 292, 268, 170, 157, 352, 273, 449, 175, 344, 178]
172 3792 [284, 400, 191, 416, 386, 354, 224, 415, 440, 157, 191, 334]
157 3414 [304, 279, 333, 166, 179, 416, 318, 389, 224, 170, 392, 244]
173 2910 [234, 312, 241, 195, 216, 280, 282, 175, 289, 245, 222, 219]
175 3720 [365, 193, 314, 409, 139, 433, 168, 275, 276, 417, 419, 312]
174 3408 [368, 211, 429, 150, 331, 363, 438, 202, 285, 251, 144, 236]
177 3280 [411, 150, 248, 202, 264, 287, 196, 141, 419, 443, 258, 261]
176 3761 [396, 150, 340, 243, 421, 281, 434, 186, 352, 392, 237, 329]
178 3478 [289, 193, 187, 444, 180, 417, 211, 373, 370, 258, 310, 246]
179 4045 [447, 257, 392, 374, 409, 424, 164, 448, 208, 413, 242, 267]
180 3133 [218, 408, 220, 225, 191, 285, 307, 412, 157, 183, 385, 142]
181 3358 [378, 443, 230, 154, 187, 246, 283, 280, 327, 359, 217, 254]
182 3200 [146, 249, 384, 365, 208, 211, 168, 278, 416, 234, 265, 276]
183 3828 [222, 367, 438, 264, 368, 169, 274, 396, 362, 427, 246, 295]
185 3754 [383, 238, 184, 313, 328, 429, 386, 417, 175, 371, 287, 243]
184 3838 [441, 406, 173, 221, 322, 246, 198, 275, 330, 404, 383, 439]
186 3215 [157, 351, 234, 139, 345, 173, 252, 210, 405, 421, 209, 319]
187 3464 [282, 338, 242, 147, 444, 168, 195, 248, 442, 174, 407, 377]
188 3609 [201, 327, 233, 208, 392, 357, 419, 350, 403, 172, 157, 390]
189 3608 [302, 317, 187, 348, 431, 139, 329, 150, 334, 340, 387, 344]
190 3230 [399, 269, 256, 159, 360, 373, 182, 312, 142, 160, 333, 285]
191 3362 [261, 245, 237, 410, 258, 265, 361, 244, 203, 262, 191, 425]
193 3298 [141, 302, 405, 392, 162, 224, 261, 326, 384, 191, 237, 273]
194 3438 [140, 169, 358, 276, 440, 226, 239, 391, 303, 330, 150, 416]
192 3421 [204, 413, 308, 349, 410, 143, 161, 174, 180, 430, 340, 309]
196 3564 [362, 434, 210, 293, 374, 153, 270, 420, 190, 300, 341, 217]
197 2836 [187, 197, 245, 143, 219, 199, 331, 405, 382, 141, 240, 147]
198 3466 [344, 422, 142, 346, 233, 398, 213, 422, 191, 209, 276, 270]
199 3946 [217, 348, 424, 273, 361, 359, 316, 395, 287, 316, 432, 218]
200 4003 [334, 206, 357, 408, 428, 292, 318, 384, 274, 444, 305, 253]
201 3783 [325, 168, 294, 332, 389, 424, 293, 300, 436, 205, 309, 308]
202 3793 [289, 396, 427, 417, 220, 403, 275, 222, 224, 141, 434, 345]
203 3977 [377, 245, 195, 306, 436, 401, 376, 381, 297, 150, 445, 368]
204 3218 [188, 152, 227, 427, 269, 340, 428, 199, 209, 139, 442, 198]
205 3786 [222, 251, 343, 441, 369, 435, 447, 274, 151, 426, 271, 156]
206 3231 [297, 147, 410, 355, 285, 265, 187, 175, 223, 385, 304, 198]
207 3210 [419, 184, 194, 221, 302, 373, 194, 174, 329, 233, 141, 446]
208 4083 [434, 390, 436, 334, 247, 279, 251, 290, 374, 333, 405, 310]
209 3513 [196, 396, 251, 180, 153, 412, 328, 381, 368, 203, 248, 397]
210 3539 [265, 200, 144, 179, 375, 431, 445, 313, 349, 208, 209, 421]
211 3500 [302, 428, 405, 344, 197, 305, 139, 396, 148, 307, 354, 175]
212 3428 [314, 309, 260, 265, 314, 232, 443, 218, 169, 177, 289, 438]
195 3843 [298, 199, 426, 366, 312, 265, 311, 218, 246, 448, 444, 310]
213 3748 [327, 239, 185, 313, 332, 390, 428, 449, 235, 339, 315, 196]
215 3117 [152, 144, 308, 305, 164, 377, 320, 348, 225, 172, 433, 169]
216 3509 [181, 210, 153, 446, 275, 351, 206, 310, 436, 199, 432, 310]
214 3409 [254, 267, 375, 236, 218, 408, 224, 206, 374, 324, 372, 151]
217 3318 [145, 267, 428, 298, 291, 188, 362, 249, 339, 156, 267, 328]
218 3209 [203, 239, 359, 162, 158, 412, 283, 210, 255, 187, 297, 444]
219 3219 [385, 213, 194, 401, 257, 322, 270, 260, 150, 220, 144, 403]
220 3372 [254, 317, 333, 155, 303, 161, 163, 303, 405, 347, 309, 322]
221 3048 [320, 278, 241, 157, 141, 390, 344, 148, 332, 188, 312, 197]
222 3498 [275, 389, 438, 197, 300, 281, 266, 273, 213, 295, 244, 327]
223 3458 [230, 229, 231, 242, 278, 188, 223, 226, 446, 384, 356, 425]
224 3999 [366, 242, 291, 211, 351, 300, 434, 259, 274, 415, 443, 413]
225 3433 [300, 272, 254, 331, 391, 142, 258, 432, 434, 142, 221, 256]
226 3255 [165, 281, 270, 168, 421, 210, 327, 379, 156, 311, 217, 350]
227 3286 [220, 388, 173, 307, 422, 228, 260, 389, 298, 204, 166, 231]
229 2780 [311, 253, 147, 202, 300, 215, 172, 242, 185, 207, 223, 323]
230 3355 [392, 243, 143, 157, 372, 350, 187, 248, 243, 268, 367, 385]
228 3490 [270, 422, 195, 362, 282, 340, 430, 317, 215, 318, 159, 180]
231 3647 [187, 175, 448, 335, 263, 289, 428, 299, 228, 267, 317, 411]
232 3102 [195, 243, 204, 206, 246, 389, 165, 204, 272, 448, 376, 154]
233 3515 [316, 269, 220, 147, 282, 219, 239, 389, 440, 388, 336, 270]
234 3031 [141, 255, 248, 356, 318, 158, 332, 219, 252, 144, 292, 316]
236 3422 [203, 254, 299, 357, 144, 180, 433, 406, 223, 317, 283, 323]
235 3941 [377, 276, 331, 251, 368, 229, 433, 401, 431, 231, 407, 206]
238 3333 [229, 228, 396, 262, 176, 319, 446, 216, 299, 207, 304, 251]
237 3785 [432, 329, 271, 355, 312, 415, 186, 155, 318, 303, 440, 269]
240 3214 [169, 392, 165, 317, 259, 348, 366, 322, 211, 229, 211, 225]
241 3977 [328, 425, 262, 212, 264, 315, 332, 242, 442, 371, 441, 343]
242 3606 [319, 299, 405, 382, 395, 142, 372, 354, 159, 388, 240, 151]
243 4048 [285, 444, 226, 449, 241, 429, 348, 383, 346, 239, 290, 368]
239 3161 [273, 140, 169, 206, 178, 445, 243, 444, 370, 139, 251, 303]
245 3595 [422, 300, 175, 230, 335, 156, 423, 239, 259, 294, 364, 398]
246 3852 [350, 239, 264, 412, 310, 333, 300, 415, 364, 339, 335, 191]
244 3829 [343, 297, 391, 304, 364, 195, 258, 323, 307, 308, 304, 435]
247 3420 [326, 233, 237, 385, 172, 153, 347, 445, 434, 158, 159, 371]
248 3066 [390, 225, 244, 221, 353, 212, 180, 233, 176, 380, 309, 143]
250 3462 [332, 248, 312, 190, 213, 284, 295, 407, 322, 418, 233, 208]
249 3458 [193, 236, 424, 198, 173, 231, 241, 378, 359, 250, 371, 404]
252 3933 [282, 162, 306, 429, 436, 378, 431, 345, 284, 218, 224, 438]
251 3500 [264, 140, 324, 320, 383, 288, 299, 403, 177, 343, 245, 314]
253 3474 [427, 157, 253, 148, 417, 369, 169, 300, 288, 442, 257, 247]
254 3450 [437, 352, 151, 319, 196, 276, 196, 241, 384, 209, 423, 266]
256 3670 [419, 401, 270, 171, 209, 217, 254, 233, 398, 446, 256, 396]
257 3695 [388, 167, 288, 241, 253, 422, 254, 435, 324, 271, 361, 291]
255 3610 [150, 446, 362, 295, 340, 297, 396, 326, 142, 374, 167, 315]
258 4137 [261, 423, 412, 263, 368, 367, 291, 381, 410, 156, 444, 361]
259 3246 [319, 141, 396, 423, 159, 202, 252, 330, 148, 266, 306, 304]
260 2871 [205, 278, 211, 425, 167, 212, 171, 264, 268, 142, 199, 329]
261 3665 [234, 321, 360, 202, 314, 231, 230, 418, 447, 399, 301, 208]
263 3339 [188, 430, 270, 352, 278, 269, 389, 339, 217, 260, 166, 181]
264 3941 [331, 419, 388, 332, 282, 394, 179, 143, 399, 310, 315, 449]
262 3346 [306, 382, 407, 400, 223, 171, 410, 142, 361, 249, 153, 142]
265 3537 [429, 212, 293, 183, 248, 308, 187, 384, 287, 227, 419, 360]
266 3603 [350, 258, 420, 210, 240, 367, 179, 373, 347, 306, 388, 165]
267 3760 [393, 433, 347, 141, 342, 244, 424, 275, 214, 354, 408, 185]
268 3390 [437, 189, 253, 356, 409, 243, 364, 165, 176, 184, 205, 409]
269 3485 [291, 268, 269, 257, 301, 422, 414, 286, 235, 145, 367, 230]
270 3325 [280, 189, 231, 425, 187, 443, 156, 229, 181, 218, 339, 447]
271 3292 [151, 347, 437, 289, 244, 191, 250, 293, 309, 290, 233, 258]
272 3887 [348, 358, 399, 354, 410, 151, 207, 409, 228, 384, 304, 335]
273 3988 [285, 350, 431, 257, 311, 447, 255, 404, 344, 252, 304, 348]
274 3674 [347, 288, 394, 340, 360, 214, 436, 245, 204, 324, 381, 141]
275 3633 [402, 267, 410, 311, 200, 290, 222, 245, 442, 269, 323, 252]
277 2976 [183, 235, 406, 300, 142, 196, 302, 288, 212, 231, 335, 146]
276 3798 [200, 224, 213, 239, 391, 323, 405, 355, 401, 421, 362, 264]
278 3511 [276, 301, 241, 333, 369, 308, 222, 236, 348, 342, 193, 342]
279 3622 [182, 155, 332, 407, 444, 275, 306, 237, 447, 288, 273, 276]
280 3581 [282, 236, 278, 275, 221, 405, 288, 409, 192, 372, 257, 366]
282 2730 [152, 294, 155, 210, 310, 160, 345, 141, 299, 175, 270, 219]
283 3481 [255, 399, 340, 173, 212, 256, 229, 447, 240, 305, 372, 253]
284 3534 [340, 229, 175, 228, 225, 353, 437, 326, 221, 394, 422, 184]
285 3335 [268, 303, 338, 165, 370, 445, 236, 335, 330, 207, 142, 196]
286 3305 [216, 339, 235, 355, 308, 148, 259, 374, 238, 217, 197, 419]
281 3456 [255, 296, 151, 317, 308, 215, 198, 310, 366, 193, 399, 448]
287 3494 [447, 291, 290, 232, 150, 254, 157, 217, 322, 428, 263, 443]
289 3463 [386, 287, 382, 147, 405, 326, 166, 297, 287, 235, 329, 216]
290 3522 [278, 141, 378, 139, 391, 327, 420, 158, 407, 305, 375, 203]
291 3381 [152, 427, 275, 142, 170, 411, 369, 221, 345, 237, 317, 315]
292 3585 [355, 190, 331, 428, 141, 274, 449, 268, 159, 311, 280, 399]
288 3977 [395, 398, 198, 429, 201, 371, 326, 361, 154, 421, 349, 374]
294 4085 [392, 394, 439, 376, 259, 186, 246, 337, 248, 394, 424, 390]
293 3403 [338, 269, 345, 168, 162, 333, 204, 372, 181, 440, 380, 211]
295 2940 [259, 153, 290, 242, 191, 241, 167, 324, 354, 294, 284, 141]
297 3402 [201, 232, 195, 291, 438, 422, 174, 325, 190, 366, 309, 259]
296 3699 [153, 373, 297, 317, 386, 423, 365, 203, 258, 174, 439, 311]
298 3589 [424, 355, 441, 273, 426, 303, 210, 314, 168, 233, 212, 230]
300 2751 [222, 233, 297, 178, 164, 206, 151, 147, 236, 164, 367, 386]
301 3612 [341, 196, 307, 369, 438, 172, 195, 332, 368, 359, 193, 342]
302 3588 [346, 294, 351, 428, 439, 149, 186, 168, 271, 181, 328, 447]
299 3392 [145, 230, 376, 304, 193, 311, 338, 207, 180, 355, 340, 413]
303 3768 [422, 374, 156, 143, 256, 379, 418, 371, 222, 295, 339, 393]
304 3397 [290, 349, 300, 187, 348, 198, 145, 339, 335, 322, 216, 368]
306 3156 [210, 374, 198, 175, 419, 168, 148, 382, 214, 410, 149, 309]
305 4110 [436, 296, 435, 198, 342, 371, 337, 365, 408, 374, 406, 142]
307 3794 [353, 362, 347, 215, 338, 390, 442, 218, 423, 140, 186, 380]
308 3531 [315, 357, 204, 307, 228, 148, 182, 154, 418, 446, 372, 400]
310 3664 [193, 147, 395, 184, 287, 419, 441, 217, 331, 383, 344, 323]
311 3601 [327, 305, 403, 433, 261, 140, 254, 397, 304, 167, 437, 173]
312 3459 [171, 219, 354, 248, 330, 176, 391, 348, 366, 288, 405, 163]
309 3042 [281, 186, 157, 211, 419, 425, 309, 271, 202, 214, 161, 206]
314 3471 [161, 337, 299, 292, 209, 168, 155, 417, 284, 397, 358, 394]
313 3185 [412, 263, 173, 150, 420, 339, 259, 212, 425, 139, 168, 225]
315 4031 [309, 246, 351, 323, 441, 252, 435, 342, 443, 410, 293, 186]
316 3481 [407, 194, 371, 357, 200, 160, 417, 139, 332, 445, 157, 302]
317 3303 [325, 171, 207, 297, 437, 427, 221, 243, 175, 169, 237, 394]
318 3646 [439, 373, 223, 256, 311, 325, 329, 199, 311, 248, 406, 226]
319 3330 [338, 402, 360, 179, 328, 312, 217, 229, 139, 287, 184, 355]
320 3832 [394, 401, 412, 304, 161, 383, 358, 210, 272, 357, 360, 220]
321 3700 [334, 411, 251, 348, 362, 351, 171, 388, 287, 270, 247, 280]
322 2816 [313, 288, 155, 152, 175, 261, 188, 191, 350, 275, 185, 283]
323 3197 [311, 205, 337, 176, 326, 334, 255, 146, 421, 197, 309, 180]
325 3255 [245, 209, 265, 386, 399, 254, 147, 172, 162, 326, 366, 324]
324 3468 [252, 306, 300, 414, 191, 294, 404, 162, 183, 196, 323, 443]
326 4054 [313, 190, 191, 388, 389, 375, 397, 346, 381, 320, 446, 318]
327 3608 [334, 165, 437, 401, 401, 242, 220, 256, 275, 237, 352, 288]
329 3798 [410, 202, 268, 259, 187, 411, 401, 415, 275, 294, 231, 445]
328 3545 [411, 199, 438, 405, 225, 338, 273, 171, 311, 320, 168, 286]
330 3618 [383, 407, 245, 245, 145, 403, 274, 223, 312, 277, 341, 363]
331 3578 [256, 427, 217, 242, 230, 439, 376, 266, 280, 226, 265, 354]
333 3463 [428, 177, 238, 426, 238, 260, 446, 248, 347, 305, 145, 205]
334 3501 [379, 283, 356, 204, 313, 369, 378, 178, 235, 231, 346, 229]
332 3826 [345, 168, 355, 369, 260, 347, 425, 288, 303, 417, 344, 205]
335 3443 [348, 429, 294, 367, 329, 282, 153, 240, 189, 388, 254, 170]
336 3381 [264, 175, 437, 192, 148, 245, 443, 291, 332, 432, 181, 241]
337 3493 [372, 412, 164, 264, 165, 196, 371, 189, 331, 403, 308, 318]
338 3584 [295, 179, 277, 310, 183, 387, 382, 290, 417, 253, 354, 257]
339 3353 [346, 190, 297, 379, 345, 139, 442, 153, 380, 308, 198, 176]
340 3414 [191, 193, 241, 362, 213, 323, 213, 443, 383, 179, 307, 366]
342 3333 [180, 215, 416, 153, 408, 271, 269, 336, 202, 255, 287, 341]
343 3444 [214, 416, 173, 382, 225, 424, 247, 299, 247, 284, 243, 290]
344 3481 [350, 312, 380, 144, 366, 221, 223, 336, 267, 224, 309, 349]
345 3907 [235, 338, 293, 376, 162, 404, 333, 438, 377, 342, 445, 164]
346 3556 [339, 445, 287, 278, 409, 214, 166, 197, 241, 399, 311, 270]
341 4005 [328, 445, 419, 376, 200, 446, 339, 235, 218, 249, 301, 449]
347 3447 [148, 160, 260, 213, 288, 300, 166, 410, 226, 400, 427, 449]
348 3259 [192, 398, 162, 428, 207, 146, 213, 152, 408, 395, 272, 286]
349 4147 [410, 183, 355, 433, 285, 419, 353, 416, 344, 354, 368, 227]
350 3600 [430, 374, 303, 147, 280, 153, 397, 220, 247, 243, 407, 399]
352 3268 [237, 322, 290, 150, 149, 291, 198, 396, 252, 398, 250, 335]
351 3464 [318, 345, 361, 348, 230, 153, 322, 193, 224, 145, 439, 386]
354 3062 [208, 358, 165, 177, 266, 209, 334, 312, 184, 304, 351, 194]
353 3482 [369, 181, 190, 401, 389, 378, 334, 162, 283, 358, 188, 249]
356 3118 [180, 178, 345, 378, 172, 252, 371, 393, 186, 373, 142, 148]
355 3894 [399, 368, 296, 350, 438, 416, 433, 171, 225, 311, 238, 249]
358 3555 [234, 429, 371, 208, 148, 422, 238, 291, 194, 429, 297, 294]
357 3502 [440, 151, 233, 142, 438, 255, 289, 217, 245, 431, 296, 365]
359 4057 [449, 431, 384, 265, 382, 429, 288, 368, 140, 370, 241, 310]
360 3879 [162, 388, 344, 378, 398, 182, 297, 402, 409, 299, 394, 226]
361 4145 [344, 348, 182, 417, 419, 353, 373, 394, 321, 180, 408, 406]
362 3618 [363, 329, 376, 369, 327, 347, 201, 235, 217, 249, 362, 243]
363 3200 [313, 157, 190, 385, 344, 181, 258, 347, 402, 150, 171, 302]
364 3350 [193, 178, 268, 213, 371, 252, 271, 355, 425, 364, 238, 222]
366 3180 [288, 227, 223, 325, 198, 197, 187, 219, 448, 303, 330, 235]
365 3007 [153, 233, 321, 212, 146, 284, 200, 149, 355, 420, 139, 395]
367 3592 [193, 150, 341, 190, 401, 402, 375, 209, 214, 337, 449, 331]
369 3251 [379, 225, 240, 203, 174, 315, 200, 338, 298, 283, 253, 343]
370 3201 [193, 214, 341, 173, 283, 358, 331, 234, 265, 200, 221, 388]
368 3276 [328, 386, 183, 216, 309, 147, 355, 379, 218, 232, 153, 370]
371 4043 [355, 351, 417, 213, 342, 360, 365, 221, 395, 357, 221, 446]
373 3248 [142, 284, 372, 294, 289, 252, 373, 197, 308, 287, 199, 251]
372 3208 [262, 260, 386, 385, 255, 347, 154, 144, 252, 285, 182, 296]
375 3250 [309, 307, 300, 367, 268, 410, 142, 280, 259, 251, 186, 171]
374 3160 [330, 244, 221, 253, 269, 141, 232, 308, 269, 365, 348, 180]
376 3328 [376, 265, 289, 199, 200, 410, 151, 239, 417, 317, 270, 195]
377 3538 [400, 187, 313, 273, 185, 231, 355, 449, 209, 275, 244, 417]
379 3588 [277, 221, 302, 421, 213, 416, 234, 199, 389, 207, 329, 380]
378 3807 [374, 379, 184, 315, 203, 411, 211, 423, 442, 385, 189, 291]
380 3000 [275, 272, 202, 303, 207, 415, 391, 151, 181, 197, 238, 168]
381 3890 [352, 407, 175, 435, 427, 331, 198, 340, 225, 394, 351, 255]
382 2883 [205, 170, 334, 183, 381, 173, 266, 143, 163, 259, 384, 222]
383 3532 [372, 330, 228, 326, 405, 199, 343, 342, 145, 392, 277, 173]
384 3313 [196, 309, 255, 276, 392, 231, 145, 210, 269, 328, 408, 294]
385 4178 [300, 445, 332, 372, 357, 432, 276, 360, 183, 319, 391, 411]
386 3933 [351, 239, 449, 383, 168, 224, 383, 368, 295, 407, 402, 264]
387 3596 [370, 350, 425, 268, 400, 240, 399, 209, 391, 168, 212, 164]
389 3225 [140, 366, 169, 236, 163, 379, 442, 206, 185, 319, 363, 257]
390 4047 [323, 151, 391, 394, 391, 184, 413, 245, 437, 402, 299, 417]
388 3587 [170, 168, 342, 263, 363, 372, 272, 389, 369, 259, 201, 419]
391 3267 [175, 373, 203, 177, 397, 401, 246, 200, 366, 248, 166, 315]
392 3225 [239, 264, 209, 397, 290, 191, 185, 284, 182, 347, 363, 274]
394 3501 [440, 280, 439, 228, 256, 175, 161, 254, 438, 394, 264, 172]
395 3455 [386, 144, 294, 269, 218, 349, 422, 164, 298, 323, 141, 447]
396 3371 [262, 194, 168, 391, 295, 322, 346, 218, 413, 282, 320, 160]
397 3950 [310, 185, 253, 172, 262, 247, 441, 439, 441, 399, 430, 371]
398 3255 [262, 259, 422, 200, 432, 244, 203, 163, 237, 417, 171, 245]
399 3496 [309, 294, 158, 406, 401, 174, 416, 252, 400, 297, 157, 232]
400 4096 [316, 402, 415, 410, 400, 256, 301, 413, 346, 253, 362, 222]
401 3678 [187, 414, 243, 380, 246, 421, 166, 253, 356, 264, 370, 378]
393 3861 [353, 222, 398, 293, 433, 445, 233, 295, 438, 336, 169, 246]
402 3525 [168, 365, 202, 416, 158, 255, 251, 299, 412, 379, 352, 268]
404 2900 [177, 174, 376, 211, 255, 155, 184, 341, 205, 417, 184, 221]
405 3494 [276, 258, 275, 373, 343, 171, 419, 363, 330, 149, 220, 317]
403 3789 [176, 385, 393, 330, 430, 346, 292, 251, 225, 280, 375, 306]
407 4046 [419, 377, 176, 377, 319, 323, 312, 381, 201, 439, 275, 447]
408 3244 [141, 216, 272, 288, 179, 255, 326, 310, 214, 311, 306, 426]
409 3657 [159, 428, 282, 298, 417, 307, 411, 353, 373, 157, 312, 160]
410 3512 [211, 401, 428, 235, 395, 367, 181, 155, 310, 400, 191, 238]
411 3756 [209, 235, 167, 315, 430, 343, 183, 310, 405, 420, 308, 431]
412 3865 [307, 445, 178, 212, 393, 336, 320, 331, 230, 382, 354, 377]
413 3347 [249, 206, 272, 316, 200, 347, 235, 313, 243, 408, 404, 154]
414 3676 [286, 431, 298, 441, 333, 201, 433, 305, 184, 375, 164, 225]
406 3677 [295, 371, 404, 397, 221, 198, 268, 239, 397, 158, 306, 423]
415 3734 [406, 434, 216, 397, 144, 177, 259, 330, 258, 370, 342, 401]
417 3408 [403, 403, 174, 252, 215, 241, 328, 289, 224, 238, 421, 220]
416 3331 [338, 305, 155, 370, 416, 243, 262, 181, 352, 328, 182, 199]
419 3790 [339, 270, 432, 408, 251, 434, 294, 217, 256, 181, 300, 408]
420 3655 [222, 263, 401, 392, 374, 142, 365, 258, 431, 440, 216, 151]
421 2831 [377, 262, 251, 209, 247, 165, 234, 244, 204, 190, 241, 207]
422 3220 [184, 319, 426, 336, 218, 153, 239, 301, 333, 236, 205, 270]
423 4053 [250, 139, 449, 362, 290, 399, 272, 449, 388, 395, 417, 243]
424 3394 [344, 147, 232, 166, 287, 334, 423, 368, 141, 201, 334, 417]
425 3933 [376, 312, 270, 349, 253, 394, 278, 299, 165, 428, 362, 447]
426 3411 [372, 255, 234, 179, 442, 278, 352, 268, 148, 277, 183, 423]
427 3489 [358, 139, 435, 212, 266, 182, 286, 319, 327, 408, 254, 303]
428 3880 [441, 225, 357, 292, 272, 404, 306, 346, 300, 393, 184, 360]
429 3922 [145, 219, 440, 291, 276, 370, 439, 354, 445, 378, 351, 214]
430 3771 [367, 238, 276, 150, 424, 173, 372, 174, 427, 409, 334, 427]
431 3348 [238, 308, 280, 209, 329, 235, 192, 401, 191, 306, 231, 428]
432 2808 [164, 311, 146, 230, 290, 161, 141, 224, 389, 190, 402, 160]
433 3465 [349, 395, 203, 438, 365, 310, 246, 145, 296, 314, 204, 200]
434 3711 [412, 271, 195, 431, 367, 165, 276, 262, 318, 323, 356, 335]
435 3320 [327, 205, 148, 245, 296, 369, 391, 140, 156, 438, 225, 380]
436 3778 [284, 264, 193, 327, 316, 331, 261, 418, 410, 414, 370, 190]
437 3974 [390, 391, 240, 311, 176, 182, 412, 385, 448, 146, 447, 446]
438 3573 [170, 409, 378, 235, 237, 244, 246, 376, 200, 431, 248, 399]
439 3524 [258, 438, 217, 170, 368, 287, 166, 418, 343, 351, 192, 316]
440 3384 [183, 268, 216, 447, 443, 219, 156, 325, 178, 388, 151, 410]
418 3511 [348, 223, 278, 156, 421, 182, 167, 265, 422, 411, 438, 200]
441 3318 [228, 282, 395, 315, 146, 226, 265, 281, 362, 236, 421, 161]
443 3582 [329, 297, 274, 313, 298, 234, 159, 217, 289, 347, 386, 439]
444 3077 [354, 180, 276, 194, 217, 319, 194, 253, 323, 170, 151, 446]
445 3286 [401, 167, 305, 262, 274, 280, 280, 184, 270, 315, 351, 197]
446 3918 [199, 438, 447, 222, 443, 308, 191, 249, 406, 395, 216, 404]
447 3226 [184, 189, 438, 198, 298, 182, 443, 140, 271, 358, 307, 218]
448 3647 [387, 204, 352, 368, 429, 211, 391, 229, 308, 141, 217, 410]
449 3501 [383, 183, 356, 300, 318, 217, 225, 415, 390, 206, 356, 152]
450 3996 [317, 334, 396, 429, 439, 208, 329, 327, 323, 257, 347, 290]
451 3904 [414, 396, 376, 177, 352, 190, 397, 240, 424, 376, 304, 258]
452 4022 [246, 304, 264, 146, 429, 386, 373, 361, 338, 310, 422, 443]
453 3651 [180, 346, 154, 337, 169, 440, 443, 396, 221, 287, 439, 239]
454 3490 [154, 312, 377, 288, 363, 340, 147, 283, 412, 429, 171, 214]
442 3693 [188, 433, 409, 154, 441, 216, 235, 363, 379, 161, 292, 422]
455 3855 [159, 413, 263, 433, 153, 249, 352, 376, 416, 345, 441, 255]
457 3160 [229, 142, 269, 169, 143, 426, 210, 426, 204, 437, 199, 306]
458 3415 [196, 181, 195, 291, 330, 229, 233, 381, 383, 284, 422, 290]
456 3152 [399, 181, 144, 156, 145, 373, 238, 188, 355, 321, 411, 241]
459 3022 [180, 259, 210, 170, 323, 365, 171, 214, 240, 238, 416, 236]
460 3832 [235, 387, 313, 250, 426, 252, 403, 362, 272, 165, 416, 351]
461 3322 [308, 302, 286, 204, 204, 285, 253, 383, 270, 162, 402, 263]
462 3696 [235, 447, 170, 175, 296, 165, 383, 299, 377, 369, 420, 360]
464 3754 [190, 359, 217, 445, 151, 399, 325, 243, 345, 363, 377, 340]
465 3558 [261, 246, 306, 243, 415, 190, 322, 437, 378, 238, 223, 299]
466 3706 [433, 315, 368, 430, 343, 349, 183, 152, 445, 271, 184, 233]
467 3675 [302, 306, 368, 306, 429, 297, 206, 435, 385, 195, 177, 269]
468 3282 [353, 144, 293, 280, 205, 139, 327, 275, 350, 406, 158, 352]
469 3460 [353, 162, 261, 273, 160, 224, 282, 419, 386, 253, 288, 399]
470 3858 [395, 206, 184, 267, 253, 443, 399, 424, 257, 400, 419, 211]
471 3405 [212, 307, 416, 191, 286, 344, 157, 295, 339, 279, 348, 231]
463 3836 [330, 175, 416, 389, 158, 349, 399, 442, 253, 226, 314, 385]
472 3527 [171, 235, 319, 341, 357, 310, 222, 272, 385, 240, 291, 384]
473 3795 [216, 362, 253, 145, 443, 397, 263, 338, 208, 390, 360, 420]
474 3560 [266, 443, 444, 229, 155, 139, 317, 333, 441, 160, 370, 263]
475 3308 [428, 199, 252, 169, 420, 299, 244, 148, 244, 326, 233, 346]
477 3511 [262, 359, 153, 379, 284, 325, 436, 390, 164, 320, 218, 221]
478 2826 [164, 172, 152, 385, 442, 155, 304, 204, 186, 204, 282, 176]
479 3169 [254, 231, 393, 334, 268, 165, 221, 377, 194, 237, 296, 199]
480 3042 [300, 181, 220, 231, 340, 267, 276, 310, 323, 203, 211, 180]
476 3327 [351, 340, 172, 286, 230, 190, 161, 293, 401, 344, 329, 230]
481 3274 [219, 172, 308, 177, 412, 162, 355, 246, 430, 386, 176, 231]
482 3601 [386, 404, 206, 283, 262, 171, 386, 170, 446, 382, 321, 184]
484 3318 [197, 240, 369, 251, 330, 380, 207, 276, 263, 240, 208, 357]
483 3272 [346, 371, 332, 249, 236, 153, 287, 392, 358, 188, 144, 216]
485 2975 [249, 324, 165, 194, 156, 145, 391, 159, 174, 217, 359, 442]
487 2660 [166, 339, 149, 242, 160, 192, 146, 219, 298, 192, 278, 279]
488 3316 [259, 203, 397, 361, 383, 296, 175, 217, 206, 158, 411, 250]
489 3212 [229, 216, 444, 224, 219, 271, 288, 222, 172, 405, 159, 363]
486 3290 [293, 275, 157, 335, 302, 240, 237, 192, 345, 446, 143, 325]
490 2989 [241, 162, 176, 245, 372, 350, 150, 159, 390, 291, 239, 214]
491 3875 [311, 332, 440, 228, 151, 438, 355, 153, 433, 391, 427, 216]
493 3589 [339, 429, 403, 406, 175, 300, 180, 205, 283, 315, 238, 316]
492 3523 [347, 448, 254, 399, 177, 316, 281, 222, 274, 233, 154, 418]
494 3409 [218, 430, 282, 290, 249, 319, 326, 335, 258, 150, 220, 332]
495 3556 [326, 142, 371, 336, 145, 285, 396, 351, 286, 338, 409, 171]
496 3400 [242, 374, 153, 257, 358, 225, 153, 197, 292, 428, 280, 441]
497 3740 [143, 379, 436, 338, 359, 155, 227, 328, 435, 369, 204, 367]
498 3624 [293, 423, 315, 194, 228, 157, 139, 352, 403, 433, 358, 329]
500 3544 [202, 212, 258, 435, 207, 428, 403, 421, 183, 245, 192, 358]
499 3473 [189, 309, 237, 142, 414, 340, 445, 364, 329, 146, 251, 307]
502 3267 [181, 176, 379, 292, 424, 162, 300, 366, 228, 308, 163, 288]
503 3034 [264, 227, 172, 187, 256, 149, 218, 431, 217, 309, 322, 282]
501 3443 [255, 200, 417, 378, 302, 413, 156, 177, 185, 229, 292, 439]
505 3658 [162, 362, 140, 409, 377, 356, 171, 297, 359, 372, 243, 410]
506 3537 [189, 396, 426, 321, 186, 280, 263, 281, 244, 345, 320, 286]
507 3323 [156, 234, 404, 315, 336, 335, 385, 187, 143, 258, 405, 165]
508 3607 [427, 230, 361, 246, 268, 242, 342, 144, 384, 287, 354, 322]
509 3205 [158, 163, 417, 198, 343, 265, 439, 243, 299, 322, 156, 202]
510 3655 [189, 288, 211, 406, 359, 342, 322, 279, 393, 205, 273, 388]
511 3755 [365, 366, 188, 429, 207, 221, 448, 173, 205, 336, 384, 433]
504 3208 [304, 163, 142, 336, 267, 144, 301, 435, 320, 206, 341, 249]
512 3327 [203, 252, 303, 152, 197, 148, 369, 443, 242, 211, 360, 447]
513 3004 [178, 202, 255, 248, 159, 256, 209, 252, 383, 277, 380, 205]
514 3535 [311, 176, 410, 248, 211, 381, 249, 211, 209, 372, 433, 324]
516 3357 [338, 410, 351, 175, 230, 288, 281, 215, 330, 393, 164, 182]
517 3641 [357, 185, 179, 144, 381, 440, 400, 347, 261, 321, 387, 239]
515 3702 [319, 323, 232, 295, 261, 287, 423, 333, 185, 380, 436, 228]
519 3864 [211, 384, 295, 272, 296, 385, 423, 395, 393, 298, 146, 366]
520 3602 [325, 280, 443, 200, 430, 208, 271, 323, 227, 282, 237, 376]
521 4035 [279, 387, 328, 292, 434, 425, 405, 410, 294, 152, 230, 399]
518 3649 [437, 326, 353, 210, 383, 317, 308, 167, 301, 285, 179, 383]
523 3618 [175, 326, 226, 358, 359, 432, 344, 319, 150, 391, 321, 217]
524 3165 [159, 337, 409, 299, 423, 211, 147, 305, 174, 221, 227, 253]
525 4136 [226, 338, 445, 401, 221, 432, 299, 323, 384, 338, 286, 443]
526 3963 [416, 395, 297, 177, 342, 191, 359, 232, 414, 325, 373, 442]
527 3668 [444, 260, 183, 371, 343, 234, 393, 374, 304, 351, 212, 199]
522 3842 [349, 281, 236, 439, 438, 263, 380, 373, 262, 329, 303, 189]
529 3685 [193, 269, 385, 416, 436, 145, 297, 292, 342, 222, 351, 337]
530 3812 [208, 424, 449, 346, 315, 261, 311, 233, 363, 326, 149, 427]
531 3847 [293, 366, 430, 211, 431, 319, 294, 181, 306, 418, 388, 210]
532 3726 [392, 257, 221, 438, 185, 390, 312, 186, 357, 304, 332, 352]
533 3691 [346, 276, 317, 391, 378, 192, 418, 314, 199, 201, 280, 379]
528 3602 [187, 411, 165, 195, 193, 445, 281, 251, 234, 427, 431, 382]
534 3494 [447, 419, 331, 409, 173, 293, 247, 272, 251, 309, 168, 175]
536 3076 [151, 204, 312, 194, 434, 182, 147, 201, 430, 232, 176, 413]
535 3654 [184, 247, 252, 359, 385, 228, 382, 226, 400, 446, 301, 244]
537 3532 [414, 225, 239, 403, 209, 175, 274, 216, 278, 419, 250, 430]
538 3544 [256, 269, 169, 374, 418, 257, 325, 432, 312, 295, 206, 231]
540 4033 [255, 272, 443, 234, 351, 340, 261, 284, 376, 399, 405, 413]
541 3340 [175, 264, 193, 251, 241, 434, 279, 386, 276, 248, 350, 243]
542 3678 [233, 230, 270, 172, 235, 331, 402, 326, 302, 383, 443, 351]
543 3200 [238, 147, 314, 229, 299, 225, 345, 257, 286, 347, 216, 297]
544 3587 [205, 170, 362, 180, 323, 388, 271, 397, 373, 359, 394, 165]
539 3541 [328, 389, 249, 385, 233, 181, 269, 165, 195, 437, 396, 314]
545 3301 [283, 437, 168, 350, 173, 364, 227, 245, 278, 232, 183, 361]
546 3558 [412, 379, 321, 423, 183, 314, 289, 265, 151, 194, 229, 398]
548 4157 [260, 386, 304, 375, 443, 441, 239, 305, 201, 435, 391, 377]
549 3352 [171, 307, 257, 394, 449, 173, 435, 194, 196, 277, 347, 152]
550 3801 [156, 435, 338, 399, 376, 309, 250, 179, 331, 246, 352, 430]
547 3247 [146, 139, 426, 292, 159, 407, 304, 256, 329, 148, 389, 252]
551 3363 [277, 248, 278, 203, 200, 349, 386, 408, 165, 275, 199, 375]
552 3761 [384, 448, 216, 367, 378, 315, 324, 248, 378, 188, 232, 283]
553 3741 [281, 388, 396, 339, 292, 211, 400, 213, 285, 355, 397, 184]
554 3833 [419, 280, 443, 420, 194, 433, 232, 433, 215, 237, 230, 297]
556 3986 [440, 315, 398, 310, 416, 340, 301, 186, 224, 348, 432, 276]
555 3617 [144, 397, 360, 276, 257, 238, 419, 350, 303, 143, 427, 303]
557 3799 [354, 371, 327, 342, 272, 280, 399, 331, 223, 149, 312, 439]
558 3529 [211, 441, 379, 373, 190, 357, 224, 279, 388, 278, 261, 148]
560 3367 [201, 234, 347, 405, 393, 140, 328, 296, 364, 156, 218, 285]
559 3256 [242, 160, 339, 305, 353, 329, 207, 211, 347, 139, 348, 276]
561 3958 [380, 240, 418, 402, 246, 180, 313, 222, 395, 404, 400, 358]
562 3976 [382, 368, 383, 168, 389, 388, 261, 244, 441, 290, 440, 222]
563 3551 [309, 447, 414, 434, 275, 248, 146, 343, 242, 161, 387, 145]
564 3757 [269, 195, 407, 442, 207, 329, 280, 346, 315, 294, 427, 246]
565 3030 [145, 174, 228, 299, 254, 207, 447, 193, 368, 237, 189, 289]
566 3112 [156, 222, 165, 334, 154, 249, 416, 281, 339, 347, 289, 160]
567 4143 [363, 265, 433, 422, 418, 438, 424, 208, 156, 301, 305, 410]
568 3768 [414, 344, 386, 416, 369, 436, 207, 149, 298, 272, 178, 299]
569 3769 [234, 381, 194, 441, 147, 195, 388, 423, 258, 409, 269, 430]
571 3718 [193, 253, 293, 412, 409, 365, 444, 241, 272, 278, 408, 150]
572 3972 [429, 376, 260, 142, 339, 381, 164, 444, 338, 263, 421, 415]
573 3701 [191, 425, 288, 145, 413, 205, 272, 326, 321, 310, 368, 437]
574 3065 [143, 171, 299, 362, 315, 177, 310, 258, 299, 142, 239, 350]
575 3985 [275, 445, 399, 347, 218, 449, 205, 287, 241, 413, 417, 289]
570 3192 [189, 444, 270, 303, 277, 170, 426, 243, 232, 308, 148, 182]
576 3347 [179, 330, 288, 413, 183, 438, 422, 261, 155, 352, 149, 177]
577 3273 [139, 269, 334, 315, 383, 208, 342, 232, 259, 203, 230, 359]
578 3431 [441, 274, 222, 157, 338, 377, 240, 304, 368, 350, 181, 179]
579 3533 [250, 274, 418, 371, 211, 442, 355, 408, 148, 215, 253, 188]
580 3479 [363, 405, 249, 260, 327, 230, 414, 158, 151, 374, 362, 186]
582 3427 [259, 214, 334, 381, 292, 172, 232, 285, 242, 392, 247, 377]
583 3505 [222, 146, 189, 351, 420, 231, 411, 340, 309, 304, 320, 262]
581 3375 [379, 317, 198, 338, 385, 157, 316, 220, 232, 248, 141, 444]
584 3398 [249, 214, 291, 153, 291, 279, 144, 398, 437, 409, 388, 145]
585 3188 [143, 281, 390, 188, 142, 427, 209, 195, 295, 359, 176, 383]
587 3563 [232, 201, 139, 202, 394, 434, 442, 326, 179, 438, 421, 155]
586 3833 [405, 431, 207, 221, 188, 325, 376, 310, 442, 369, 306, 253]
588 3340 [361, 322, 300, 193, 146, 341, 400, 214, 230, 334, 330, 169]
589 3557 [423, 275, 257, 236, 349, 260, 219, 269, 292, 293, 322, 362]
590 3923 [445, 310, 324, 265, 184, 408, 409, 231, 380, 355, 402, 210]
591 3184 [160, 188, 207, 350, 361, 256, 319, 353, 328, 217, 221, 224]
592 3244 [290, 175, 193, 220, 390, 408, 395, 189, 178, 298, 333, 175]
593 3022 [358, 185, 244, 282, 252, 192, 281, 149, 308, 244, 269, 258]
594 3524 [182, 373, 187, 324, 332, 365, 324, 309, 436, 189, 275, 228]
596 3171 [190, 196, 163, 356, 242, 347, 284, 429, 256, 299, 144, 265]
595 3272 [382, 421, 308, 154, 193, 233, 159, 438, 356, 303, 186, 139]
597 3712 [294, 264, 445, 192, 329, 328, 438, 251, 223, 345, 266, 337]
598 4017 [312, 410, 396, 333, 139, 438, 198, 420, 445, 355, 432, 139]
600 3903 [210, 409, 263, 288, 250, 380, 163, 423, 367, 301, 405, 444]
599 3722 [343, 285, 418, 148, 205, 404, 381, 366, 427, 167, 404, 174]
601 3250 [172, 219, 369, 220, 378, 148, 323, 264, 174, 395, 438, 150]
602 3951 [270, 314, 300, 226, 262, 388, 286, 396, 442, 417, 350, 300]
603 3613 [232, 283, 351, 317, 171, 287, 305, 448, 151, 307, 394, 367]
604 3536 [354, 413, 204, 426, 241, 172, 331, 407, 306, 260, 141, 281]
605 3212 [280, 231, 303, 315, 149, 165, 283, 297, 319, 213, 438, 219]
606 3256 [193, 247, 412, 149, 295, 424, 351, 334, 246, 170, 205, 230]
607 2875 [309, 175, 341, 302, 173, 200, 254, 186, 147, 220, 296, 272]
608 3476 [284, 421, 432, 251, 165, 440, 231, 156, 323, 144, 219, 410]
610 3717 [150, 232, 191, 385, 422, 353, 315, 287, 418, 307, 415, 242]
611 3175 [184, 428, 180, 205, 351, 160, 395, 156, 360, 233, 165, 358]
612 3633 [330, 426, 337, 252, 246, 398, 388, 408, 312, 187, 184, 165]
609 3259 [265, 203, 300, 449, 267, 348, 241, 270, 171, 217, 350, 178]
613 3006 [267, 168, 269, 310, 151, 187, 285, 198, 449, 162, 336, 224]
614 2838 [242, 193, 200, 197, 147, 357, 290, 249, 153, 168, 420, 222]
616 3360 [330, 419, 436, 397, 211, 159, 329, 246, 172, 236, 231, 194]
617 3387 [446, 276, 279, 162, 442, 149, 247, 231, 259, 359, 241, 296]
615 4183 [257, 383, 383, 395, 350, 296, 386, 434, 271, 406, 282, 340]
618 3652 [371, 249, 382, 271, 401, 330, 151, 315, 329, 268, 419, 166]
619 3343 [318, 355, 372, 158, 279, 143, 382, 265, 224, 302, 236, 309]
620 3526 [212, 179, 204, 231, 397, 347, 347, 338, 377, 444, 237, 213]
621 3274 [259, 173, 341, 372, 380, 155, 223, 221, 223, 294, 277, 356]
622 3209 [242, 226, 245, 292, 258, 205, 449, 231, 213, 230, 271, 347]
623 4098 [310, 278, 433, 401, 243, 435, 358, 295, 364, 264, 420, 297]
624 3572 [273, 175, 178, 283, 417, 301, 235, 166, 371, 370, 433, 370]
625 3915 [426, 295, 409, 369, 445, 173, 292, 442, 433, 197, 163, 271]
626 3437 [203, 269, 145, 412, 431, 294, 148, 345, 228, 218, 447, 297]
627 3840 [272, 197, 446, 365, 444, 159, 347, 411, 359, 390, 147, 303]
628 4232 [394, 301, 315, 321, 447, 383, 421, 407, 346, 223, 226, 448]
630 4313 [379, 391, 390, 379, 178, 389, 405, 338, 369, 391, 322, 382]
629 3637 [160, 433, 248, 283, 445, 340, 237, 321, 313, 227, 327, 303]
631 3990 [269, 382, 199, 385, 270, 354, 368, 273, 350, 337, 431, 372]
633 3048 [231, 444, 289, 209, 227, 351, 237, 191, 178, 255, 145, 291]
634 2913 [307, 199, 152, 249, 143, 212, 156, 163, 325, 403, 415, 189]
632 3496 [317, 259, 315, 151, 355, 351, 336, 282, 185, 366, 225, 354]
635 3256 [168, 186, 431, 304, 164, 420, 378, 149, 307, 207, 302, 240]
636 3142 [150, 444, 176, 207, 219, 220, 413, 292, 320, 287, 275, 139]
637 3973 [376, 342, 368, 399, 416, 186, 339, 396, 405, 195, 209, 342]
638 2956 [168, 399, 290, 272, 199, 200, 291, 280, 222, 143, 181, 311]
639 3614 [139, 350, 389, 426, 348, 210, 391, 175, 232, 162, 400, 392]
640 3671 [358, 266, 171, 300, 361, 253, 368, 310, 207, 295, 397, 385]
642 2982 [289, 212, 189, 219, 279, 170, 174, 282, 170, 429, 242, 327]
641 3328 [372, 333, 323, 148, 225, 305, 248, 239, 321, 440, 162, 212]
643 2956 [374, 195, 220, 309, 167, 198, 149, 159, 197, 320, 274, 394]
644 3514 [442, 262, 322, 233, 218, 404, 185, 337, 317, 379, 164, 251]
646 4099 [448, 199, 403, 253, 340, 301, 179, 380, 407, 371, 423, 395]
647 3950 [309, 278, 195, 149, 339, 357, 436, 429, 443, 203, 434, 378]
648 3999 [157, 376, 236, 427, 384, 326, 409, 290, 329, 313, 344, 408]
649 3540 [139, 172, 378, 247, 347, 163, 286, 172, 392, 424, 419, 401]
650 3572 [397, 152, 418, 319, 290, 408, 148, 241, 186, 350, 433, 230]
651 3724 [333, 228, 207, 418, 224, 383, 340, 378, 243, 359, 162, 449]
652 3784 [251, 440, 396, 291, 200, 353, 313, 150, 272, 439, 288, 391]
653 3285 [378, 435, 293, 277, 194, 338, 444, 264, 199, 139, 169, 155]
654 3779 [315, 340, 448, 290, 145, 185, 295, 447, 411, 383, 283, 237]
655 2882 [347, 300, 151, 140, 278, 196, 147, 305, 139, 216, 237, 426]
656 3239 [318, 156, 255, 353, 390, 289, 205, 142, 362, 216, 277, 276]
657 3558 [194, 356, 383, 276, 207, 326, 406, 347, 207, 328, 343, 185]
658 3387 [257, 237, 152, 325, 276, 142, 261, 305, 378, 253, 403, 398]
659 3207 [180, 141, 448, 360, 164, 230, 142, 285, 409, 333, 177, 338]
660 3133 [227, 265, 242, 344, 214, 307, 211, 223, 329, 279, 213, 279]
661 3511 [429, 178, 200, 185, 226, 327, 332, 331, 437, 422, 284, 160]
662 2916 [143, 215, 192, 392, 238, 349, 156, 153, 378, 318, 163, 219]
663 3330 [438, 340, 172, 290, 353, 185, 315, 246, 210, 393, 183, 205]
664 3919 [374, 170, 326, 385, 399, 368, 231, 212, 400, 427, 360, 267]
665 3641 [273, 203, 215, 265, 298, 378, 376, 369, 446, 429, 139, 250]
666 3686 [144, 368, 176, 304, 300, 298, 315, 317, 314, 417, 389, 344]
645 3561 [380, 224, 362, 182, 399, 305, 153, 294, 301, 263, 416, 282]
667 3072 [230, 183, 153, 402, 272, 290, 315, 199, 332, 197, 166, 333]
668 2879 [229, 268, 148, 181, 145, 224, 155, 313, 333, 279, 272, 332]
669 3967 [413, 446, 295, 249, 366, 447, 380, 147, 271, 392, 287, 274]
670 3029 [207, 424, 419, 215, 172, 252, 139, 181, 145, 253, 302, 320]
672 3434 [300, 337, 293, 432, 282, 198, 286, 183, 392, 158, 313, 260]
671 3234 [169, 431, 151, 398, 187, 196, 261, 323, 281, 139, 304, 394]
673 3345 [176, 204, 223, 272, 239, 401, 431, 393, 197, 296, 223, 290]
674 3740 [395, 176, 139, 354, 261, 374, 334, 332, 397, 389, 259, 330]
675 3186 [172, 341, 189, 267, 279, 246, 361, 239, 345, 258, 247, 242]
677 3789 [174, 431, 348, 335, 314, 158, 381, 404, 420, 273, 139, 412]
678 3600 [184, 180, 431, 238, 410, 303, 312, 153, 379, 351, 343, 316]
679 3478 [348, 245, 389, 395, 242, 208, 237, 370, 229, 228, 418, 169]
680 3752 [370, 170, 423, 352, 157, 364, 350, 393, 431, 170, 289, 283]
676 3569 [216, 310, 381, 424, 215, 322, 385, 230, 301, 350, 181, 254]
682 3368 [247, 383, 231, 234, 139, 280, 266, 436, 256, 369, 307, 220]
681 2981 [355, 165, 252, 328, 278, 255, 272, 341, 144, 233, 218, 140]
684 2748 [221, 152, 340, 142, 160, 244, 193, 144, 255, 277, 216, 404]
683 3858 [184, 385, 433, 295, 396, 271, 284, 413, 414, 175, 369, 239]
686 3568 [385, 209, 300, 247, 394, 142, 345, 139, 361, 265, 400, 381]
685 3070 [150, 420, 283, 163, 324, 163, 431, 210, 380, 171, 181, 194]
688 3139 [272, 150, 251, 371, 175, 147, 388, 162, 248, 296, 325, 354]
687 3159 [181, 240, 174, 278, 218, 174, 253, 361, 311, 360, 230, 379]
689 2962 [184, 344, 236, 148, 282, 261, 367, 417, 173, 170, 153, 227]
690 4137 [222, 302, 399, 255, 398, 430, 388, 377, 371, 330, 267, 398]
691 3697 [186, 228, 363, 345, 440, 407, 236, 243, 442, 219, 321, 267]
693 3942 [177, 388, 325, 247, 410, 385, 443, 239, 310, 251, 415, 352]
692 2816 [200, 232, 205, 248, 175, 225, 209, 396, 211, 202, 221, 292]
695 3239 [202, 189, 284, 209, 182, 402, 165, 233, 275, 449, 238, 411]
694 3365 [400, 263, 214, 205, 178, 301, 323, 436, 362, 157, 286, 240]
697 3505 [155, 442, 334, 237, 297, 353, 429, 142, 295, 345, 200, 276]
696 3266 [270, 348, 250, 201, 227, 375, 176, 386, 234, 354, 250, 195]
699 3501 [165, 445, 305, 186, 325, 388, 252, 421, 267, 212, 260, 275]
698 4124 [420, 435, 143, 360, 313, 198, 377, 434, 411, 333, 298, 402]
700 3739 [426, 272, 296, 414, 173, 389, 225, 325, 249, 334, 349, 287]
702 3444 [392, 365, 272, 185, 430, 177, 291, 227, 396, 244, 259, 206]
703 3152 [443, 308, 237, 185, 290, 248, 262, 264, 241, 287, 171, 216]
704 3106 [196, 371, 297, 286, 413, 140, 261, 170, 380, 150, 239, 203]
701 2875 [262, 341, 397, 245, 191, 320, 175, 141, 242, 218, 162, 181]
705 3645 [147, 277, 425, 429, 332, 177, 316, 355, 266, 252, 321, 348]
706 3256 [253, 253, 353, 320, 213, 271, 229, 436, 216, 254, 279, 179]
707 3810 [431, 148, 185, 328, 340, 341, 440, 391, 153, 336, 431, 286]
708 3856 [320, 306, 341, 285, 270, 407, 307, 243, 424, 336, 365, 252]
710 3252 [233, 252, 283, 446, 146, 225, 268, 326, 292, 188, 330, 263]
709 4144 [354, 363, 409, 174, 194, 210, 424, 396, 398, 371, 442, 409]
712 3809 [347, 196, 308, 235, 299, 420, 274, 394, 362, 246, 420, 308]
713 3457 [302, 197, 394, 221, 157, 296, 392, 265, 392, 359, 258, 224]
711 3792 [241, 307, 341, 399, 160, 324, 430, 309, 205, 387, 344, 345]
715 3318 [197, 155, 428, 164, 273, 154, 373, 385, 417, 184, 424, 164]
716 3323 [333, 225, 403, 255, 249, 259, 337, 291, 192, 436, 188, 155]
717 3870 [326, 337, 339, 147, 429, 253, 356, 325, 329, 324, 414, 291]
718 3400 [410, 357, 360, 305, 336, 249, 291, 165, 154, 177, 260, 336]
719 3559 [157, 315, 356, 378, 299, 203, 294, 274, 380, 283, 440, 180]
720 3458 [211, 185, 445, 332, 315, 257, 308, 187, 143, 320, 410, 345]
721 3669 [236, 149, 210, 445, 362, 395, 332, 400, 279, 275, 321, 265]
722 4295 [362, 408, 422, 414, 400, 363, 261, 420, 232, 385, 419, 209]
714 3267 [366, 261, 372, 145, 249, 351, 298, 228, 148, 445, 209, 195]
723 3504 [184, 441, 264, 341, 157, 392, 191, 148, 255, 414, 293, 424]
725 3446 [266, 423, 152, 287, 211, 261, 301, 283, 421, 217, 243, 381]
724 3775 [172, 340, 424, 449, 396, 146, 192, 307, 343, 322, 418, 266]
726 2942 [158, 262, 148, 417, 160, 178, 341, 157, 225, 305, 163, 428]
727 3151 [195, 234, 343, 162, 208, 169, 278, 376, 403, 171, 353, 259]
729 3803 [325, 175, 443, 360, 328, 349, 357, 316, 298, 371, 326, 155]
728 4209 [214, 438, 398, 444, 202, 302, 309, 383, 207, 444, 441, 427]
731 3012 [167, 179, 337, 326, 277, 243, 173, 184, 299, 151, 284, 392]
730 3499 [370, 333, 268, 403, 143, 152, 176, 389, 435, 182, 435, 213]
732 4034 [398, 407, 417, 191, 360, 397, 373, 161, 378, 190, 326, 436]
733 3467 [219, 182, 335, 355, 393, 392, 345, 148, 319, 254, 290, 235]
735 3211 [157, 252, 390, 402, 178, 183, 302, 431, 177, 200, 184, 355]
736 3425 [390, 339, 233, 218, 362, 334, 267, 417, 285, 194, 161, 225]
734 4135 [351, 399, 278, 276, 405, 429, 183, 416, 237, 446, 364, 351]
737 3744 [321, 419, 170, 142, 401, 290, 446, 252, 302, 424, 252, 325]
738 3740 [378, 293, 360, 362, 284, 329, 154, 246, 285, 405, 346, 298]
740 3291 [168, 391, 150, 204, 392, 196, 296, 322, 264, 302, 439, 167]
739 3552 [372, 410, 271, 323, 348, 287, 314, 197, 164, 420, 221, 225]
742 3296 [329, 157, 201, 237, 227, 393, 227, 168, 369, 271, 317, 400]
743 3899 [384, 165, 275, 437, 250, 314, 253, 428, 420, 332, 354, 287]
744 3864 [162, 206, 291, 359, 347, 382, 437, 143, 405, 283, 400, 449]
741 3504 [258, 248, 329, 208, 153, 435, 396, 147, 315, 372, 289, 354]
745 3864 [366, 250, 354, 316, 410, 344, 397, 232, 393, 180, 385, 237]
747 3250 [379, 356, 219, 240, 145, 295, 246, 245, 388, 183, 229, 325]
746 3400 [246, 335, 423, 207, 195, 412, 251, 234, 166, 314, 230, 387]
748 3314 [227, 235, 185, 260, 331, 357, 270, 346, 395, 293, 253, 162]
749 2889 [187, 416, 158, 274, 247, 147, 191, 366, 148, 365, 201, 189]
750 3303 [405, 220, 186, 217, 244, 390, 319, 299, 303, 244, 295, 181]
751 3575 [206, 215, 280, 301, 411, 401, 372, 330, 320, 410, 171, 158]
753 3638 [154, 257, 359, 381, 325, 305, 264, 439, 411, 242, 161, 340]
752 3511 [161, 227, 378, 257, 280, 250, 447, 387, 427, 271, 186, 240]
754 4103 [408, 290, 447, 149, 408, 375, 242, 181, 324, 442, 399, 438]
756 3704 [352, 141, 190, 318, 331, 337, 194, 433, 326, 443, 274, 365]
755 2682 [159, 147, 209, 191, 181, 247, 218, 148, 375, 198, 285, 324]
758 3189 [306, 405, 193, 373, 150, 221, 322, 311, 175, 230, 323, 180]
759 3484 [437, 213, 348, 368, 160, 448, 185, 191, 148, 227, 362, 397]
757 3499 [413, 364, 164, 403, 154, 159, 426, 258, 360, 158, 333, 307]
761 3776 [420, 257, 434, 204, 383, 301, 198, 305, 214, 428, 396, 236]
762 3982 [427, 411, 376, 397, 266, 206, 437, 251, 287, 354, 139, 431]
760 4066 [280, 417, 184, 346, 386, 394, 337, 445, 446, 227, 405, 199]
763 3392 [376, 296, 143, 434, 449, 279, 278, 148, 320, 286, 169, 214]
764 3182 [167, 338, 145, 389, 252, 208, 291, 282, 207, 303, 260, 340]
765 3096 [209, 407, 169, 164, 385, 241, 313, 442, 216, 174, 198, 178]
766 3600 [177, 398, 203, 317, 247, 420, 423, 394, 184, 235, 154, 448]
768 3877 [446, 214, 338, 203, 366, 336, 404, 300, 303, 354, 263, 350]
767 3701 [362, 286, 205, 401, 170, 282, 355, 372, 254, 432, 225, 357]
769 3696 [353, 373, 296, 286, 422, 183, 147, 194, 358, 430, 403, 251]
770 3182 [306, 386, 210, 321, 187, 230, 273, 151, 151, 227, 337, 403]
772 3318 [219, 207, 148, 210, 390, 181, 345, 370, 407, 441, 261, 139]
771 3549 [384, 238, 176, 428, 342, 369, 170, 281, 181, 378, 414, 188]
773 3822 [225, 312, 218, 446, 365, 330, 440, 184, 438, 385, 267, 212]
774 3907 [340, 249, 428, 148, 443, 255, 341, 300, 226, 385, 414, 378]
775 2925 [184, 271, 209, 244, 345, 235, 302, 220, 152, 146, 306, 311]
776 3082 [194, 168, 139, 259, 220, 309, 356, 379, 273, 208, 165, 412]
778 3163 [289, 253, 230, 149, 251, 206, 194, 297, 200, 371, 320, 403]
777 3206 [344, 375, 267, 161, 153, 358, 226, 184, 388, 234, 170, 346]
779 3677 [144, 290, 145, 272, 254, 381, 388, 206, 323, 443, 447, 384]
781 3287 [363, 273, 275, 286, 356, 166, 174, 219, 302, 153, 271, 449]
780 3660 [302, 280, 232, 374, 247, 388, 167, 252, 253, 346, 404, 415]
782 3577 [164, 228, 329, 193, 179, 298, 374, 211, 375, 408, 433, 385]
784 3334 [230, 269, 254, 390, 287, 432, 193, 219, 421, 276, 185, 178]
785 3415 [159, 382, 436, 146, 223, 292, 437, 202, 399, 231, 349, 159]
786 3371 [279, 345, 169, 287, 352, 251, 246, 352, 210, 156, 306, 418]
783 3741 [285, 367, 390, 408, 166, 144, 255, 341, 273, 440, 292, 380]
788 3802 [194, 281, 279, 313, 312, 267, 312, 255, 449, 350, 350, 440]
789 3514 [405, 345, 338, 431, 159, 142, 231, 238, 337, 365, 346, 177]
790 3275 [222, 253, 305, 368, 223, 285, 372, 169, 172, 329, 149, 428]
791 3046 [346, 209, 213, 228, 254, 416, 169, 151, 312, 148, 243, 357]
792 3887 [290, 233, 219, 246, 418, 352, 357, 443, 317, 424, 139, 449]
787 3336 [343, 188, 271, 441, 246, 227, 429, 228, 303, 280, 238, 142]
793 3888 [333, 358, 188, 352, 415, 364, 321, 258, 240, 351, 341, 367]
794 3485 [369, 241, 156, 358, 316, 193, 436, 438, 154, 180, 417, 227]
796 2970 [366, 300, 162, 347, 148, 244, 247, 266, 207, 158, 293, 232]
795 3582 [292, 430, 248, 368, 204, 257, 182, 417, 359, 216, 441, 168]
797 2922 [307, 248, 273, 181, 201, 190, 238, 154, 195, 173, 324, 438]
799 2889 [431, 166, 157, 306, 171, 259, 157, 208, 221, 354, 185, 274]
800 3389 [339, 205, 369, 216, 262, 156, 292, 197, 316, 440, 431, 166]
801 3616 [159, 306, 270, 149, 423, 206, 368, 355, 328, 342, 407, 303]
802 3806 [301, 152, 337, 199, 445, 430, 270, 304, 268, 374, 281, 445]
803 3268 [215, 336, 247, 339, 167, 221, 310, 281, 410, 150, 427, 165]
804 3437 [370, 293, 154, 355, 208, 382, 335, 210, 328, 337, 271, 194]
805 3534 [424, 169, 370, 148, 238, 266, 241, 354, 435, 377, 203, 309]
806 3823 [225, 429, 269, 365, 341, 239, 394, 409, 252, 165, 350, 385]
807 3869 [414, 278, 306, 280, 370, 325, 434, 283, 426, 379, 147, 227]
798 3487 [386, 322, 427, 282, 278, 192, 272, 321, 139, 312, 404, 152]
809 3326 [184, 392, 364, 232, 239, 354, 295, 259, 144, 336, 198, 329]
810 3356 [211, 293, 439, 182, 203, 287, 275, 139, 163, 406, 391, 367]
811 3012 [161, 239, 318, 386, 249, 264, 239, 281, 174, 272, 195, 234]
812 3496 [368, 345, 145, 345, 203, 198, 323, 257, 339, 419, 222, 332]
813 4126 [322, 257, 448, 208, 303, 351, 447, 297, 386, 322, 345, 440]
814 3660 [406, 324, 210, 155, 362, 417, 277, 424, 347, 242, 249, 247]
815 3553 [299, 370, 160, 393, 155, 395, 348, 365, 302, 223, 404, 139]
816 3599 [396, 275, 227, 262, 348, 325, 354, 271, 201, 265, 246, 429]
817 3326 [143, 363, 299, 323, 434, 281, 152, 168, 316, 294, 337, 216]
808 3814 [434, 428, 245, 373, 325, 166, 342, 180, 411, 447, 168, 295]
819 3688 [167, 411, 252, 330, 265, 259, 349, 283, 350, 338, 275, 409]
818 3721 [196, 229, 267, 302, 394, 256, 440, 316, 344, 271, 283, 423]
821 3534 [293, 170, 291, 378, 407, 209, 256, 335, 444, 312, 232, 207]
820 3452 [261, 334, 143, 242, 436, 317, 385, 282, 156, 273, 236, 387]
823 3685 [205, 296, 355, 335, 193, 344, 405, 353, 385, 269, 348, 197]
822 3415 [370, 210, 170, 359, 158, 326, 236, 418, 334, 361, 149, 324]
824 3289 [233, 370, 139, 248, 278, 345, 247, 361, 440, 245, 158, 225]
825 3039 [204, 372, 332, 178, 391, 181, 248, 301, 268, 169, 148, 247]
827 3127 [290, 256, 370, 322, 180, 249, 145, 151, 420, 331, 217, 196]
828 3633 [140, 219, 446, 168, 445, 437, 448, 200, 419, 166, 327, 218]
829 3680 [343, 412, 308, 244, 213, 357, 432, 194, 210, 324, 290, 353]
826 3277 [252, 315, 262, 223, 218, 279, 403, 251, 357, 342, 158, 217]
830 3538 [319, 222, 276, 428, 271, 405, 370, 192, 275, 273, 301, 206]
832 3726 [431, 317, 233, 274, 420, 240, 153, 393, 297, 383, 202, 383]
831 2833 [157, 146, 210, 241, 273, 425, 309, 150, 185, 287, 251, 199]
834 3223 [200, 428, 422, 295, 291, 145, 182, 269, 158, 270, 397, 166]
835 3469 [400, 377, 414, 143, 200, 361, 243, 414, 183, 205, 366, 163]
836 3674 [333, 342, 327, 429, 238, 311, 426, 362, 167, 359, 230, 150]
837 3475 [377, 323, 389, 253, 226, 242, 370, 329, 256, 211, 175, 324]
838 3450 [435, 300, 402, 250, 152, 155, 425, 172, 432, 151, 164, 412]
839 3355 [156, 406, 183, 287, 306, 364, 255, 409, 193, 201, 324, 271]
840 3619 [449, 194, 376, 363, 150, 195, 439, 156, 194, 434, 406, 263]
841 3854 [307, 297, 184, 397, 422, 399, 245, 421, 398, 297, 263, 224]
842 3243 [207, 247, 318, 265, 267, 407, 205, 444, 155, 225, 283, 220]
843 3667 [144, 185, 395, 228, 384, 355, 199, 212, 316, 430, 388, 431]
833 3763 [315, 271, 273, 330, 281, 351, 241, 373, 347, 181, 356, 444]
844 3549 [412, 191, 193, 385, 433, 364, 425, 222, 321, 243, 154, 206]
845 3453 [298, 219, 198, 164, 379, 344, 301, 337, 175, 370, 410, 258]
846 3299 [303, 268, 238, 277, 277, 206, 282, 192, 149, 296, 374, 437]
847 3593 [339, 208, 420, 221, 314, 214, 381, 435, 243, 143, 382, 293]
849 3470 [405, 349, 385, 181, 241, 198, 197, 215, 220, 422, 232, 425]
848 3318 [347, 312, 330, 233, 212, 293, 256, 370, 225, 328, 210, 202]
850 3282 [139, 144, 267, 292, 423, 364, 193, 292, 304, 286, 362, 216]
851 3136 [193, 423, 218, 155, 341, 221, 255, 223, 331, 162, 185, 429]
852 3633 [313, 222, 397, 416, 242, 343, 246, 368, 275, 275, 216, 320]
853 3582 [358, 447, 268, 384, 292, 382, 293, 209, 247, 175, 305, 222]
854 3270 [232, 163, 328, 188, 282, 254, 279, 266, 378, 231, 407, 262]
856 3246 [329, 289, 253, 445, 223, 180, 240, 160, 300, 264, 304, 259]
857 4151 [438, 365, 350, 408, 157, 388, 410, 261, 391, 296, 355, 332]
855 3242 [164, 251, 235, 435, 141, 261, 366, 157, 242, 363, 287, 340]
859 3299 [276, 176, 228, 415, 225, 314, 327, 188, 384, 190, 139, 437]
858 3271 [298, 448, 146, 198, 227, 262, 250, 144, 179, 357, 449, 313]
860 3408 [199, 228, 324, 250, 367, 186, 441, 219, 368, 144, 328, 354]
861 3497 [163, 399, 348, 264, 349, 366, 199, 247, 387, 300, 202, 273]
863 3469 [208, 268, 161, 345, 183, 287, 186, 425, 419, 301, 337, 349]
862 3376 [328, 320, 243, 349, 207, 308, 426, 262, 141, 175, 418, 199]
865 3864 [354, 393, 409, 344, 383, 221, 177, 164, 398, 380, 386, 255]
864 3486 [358, 322, 293, 381, 150, 254, 222, 261, 369, 271, 392, 213]
867 3921 [441, 442, 331, 347, 169, 424, 237, 385, 236, 386, 247, 276]
866 3755 [275, 423, 408, 228, 175, 419, 262, 359, 228, 404, 198, 376]
869 3276 [170, 337, 212, 171, 405, 352, 235, 246, 213, 425, 338, 172]
870 3665 [399, 302, 163, 346, 361, 235, 304, 240, 301, 192, 382, 440]
871 3980 [335, 203, 448, 163, 272, 389, 399, 448, 367, 439, 233, 284]
868 3213 [218, 285, 333, 168, 352, 173, 178, 372, 377, 278, 296, 183]
872 3019 [174, 262, 162, 161, 398, 343, 152, 269, 283, 285, 375, 155]
873 3776 [396, 203, 293, 432, 288, 186, 210, 214, 440, 367, 331, 416]
875 3233 [279, 367, 280, 202, 260, 262, 286, 214, 210, 443, 266, 164]
876 3406 [196, 204, 273, 216, 397, 356, 444, 250, 170, 355, 307, 238]
877 4368 [186, 284, 373, 286, 410, 448, 443, 402, 425, 385, 411, 315]
878 3163 [230, 254, 197, 396, 232, 391, 294, 141, 272, 309, 160, 287]
879 3555 [236, 341, 257, 194, 394, 427, 331, 175, 346, 357, 331, 166]
874 3520 [204, 262, 425, 418, 173, 312, 240, 394, 305, 221, 278, 288]
880 3254 [220, 360, 247, 149, 186, 331, 382, 382, 294, 225, 337, 141]
882 3773 [204, 412, 417, 371, 151, 370, 297, 228, 432, 165, 395, 331]
883 3104 [209, 200, 159, 412, 363, 313, 169, 280, 223, 385, 212, 179]
881 3510 [208, 275, 215, 315, 405, 360, 332, 352, 319, 309, 196, 224]
884 4016 [349, 250, 427, 265, 339, 298, 418, 393, 325, 429, 311, 212]
885 3738 [338, 446, 190, 412, 195, 324, 312, 255, 313, 280, 269, 404]
887 3278 [374, 210, 325, 341, 155, 390, 196, 176, 205, 307, 343, 256]
888 3529 [309, 141, 203, 360, 352, 347, 246, 415, 162, 307, 348, 339]
886 3249 [150, 365, 310, 271, 401, 204, 198, 236, 327, 369, 143, 275]
889 2919 [276, 161, 289, 267, 362, 250, 185, 155, 220, 317, 237, 200]
891 3699 [355, 210, 389, 245, 419, 257, 336, 347, 250, 144, 402, 345]
890 3663 [382, 345, 144, 426, 360, 417, 290, 148, 229, 333, 233, 356]
892 3720 [387, 227, 310, 258, 375, 431, 336, 194, 347, 413, 302, 140]
893 3291 [241, 139, 155, 359, 168, 408, 356, 373, 446, 183, 141, 322]
894 4049 [195, 267, 275, 447, 384, 448, 441, 425, 276, 198, 250, 443]
895 3774 [263, 301, 257, 308, 441, 222, 187, 441, 304, 403, 397, 250]
896 2764 [421, 227, 259, 209, 172, 169, 212, 201, 337, 178, 206, 173]
898 3162 [139, 333, 187, 352, 180, 345, 140, 271, 397, 384, 196, 238]
897 3036 [263, 167, 202, 279, 318, 298, 320, 303, 177, 232, 213, 264]
899 4024 [429, 337, 334, 330, 228, 227, 390, 426, 357, 329, 307, 330]
900 3582 [366, 247, 286, 260, 413, 289, 347, 417, 411, 143, 218, 185]
901 3022 [218, 285, 344, 186, 283, 252, 325, 306, 258, 168, 247, 150]
902 3544 [204, 177, 226, 232, 365, 434, 287, 244, 346, 422, 315, 292]
904 3229 [315, 189, 212, 191, 214, 246, 235, 346, 445, 224, 294, 318]
905 3631 [144, 382, 363, 365, 412, 351, 153, 198, 166, 403, 299, 395]
903 3430 [399, 163, 393, 342, 380, 139, 174, 325, 256, 266, 438, 155]
907 3601 [394, 182, 435, 154, 340, 359, 228, 265, 312, 424, 364, 144]
906 3481 [327, 285, 186, 362, 392, 211, 308, 324, 328, 352, 165, 241]
909 3280 [243, 189, 283, 175, 167, 359, 259, 349, 327, 282, 291, 356]
908 4118 [334, 415, 270, 190, 366, 396, 371, 421, 448, 245, 227, 435]
911 3253 [326, 269, 354, 316, 290, 278, 143, 188, 241, 398, 281, 169]
910 3664 [444, 301, 166, 433, 315, 289, 413, 350, 259, 152, 166, 376]
912 3156 [234, 202, 358, 348, 160, 382, 349, 247, 258, 170, 241, 207]
913 3743 [349, 221, 244, 404, 423, 273, 170, 230, 243, 444, 352, 390]
914 3731 [344, 443, 169, 244, 420, 230, 152, 357, 423, 443, 142, 364]
915 3558 [431, 199, 242, 212, 369, 426, 309, 414, 277, 139, 324, 216]
916 3996 [269, 430, 349, 279, 442, 360, 414, 237, 316, 363, 244, 293]
918 3615 [370, 407, 227, 427, 153, 201, 311, 431, 303, 438, 153, 194]
919 3663 [343, 313, 245, 264, 447, 235, 399, 194, 357, 317, 385, 164]
920 3301 [265, 383, 155, 379, 298, 178, 161, 274, 423, 301, 149, 335]
917 2850 [296, 155, 407, 360, 145, 177, 147, 161, 279, 254, 198, 271]
922 3263 [194, 312, 223, 159, 268, 400, 180, 264, 366, 274, 443, 180]
921 3426 [448, 203, 310, 361, 169, 179, 240, 331, 317, 330, 186, 352]
923 3283 [270, 447, 164, 334, 233, 257, 302, 367, 366, 244, 151, 148]
925 3181 [324, 349, 244, 215, 139, 182, 209, 304, 330, 340, 390, 155]
926 2857 [158, 448, 343, 202, 161, 253, 214, 252, 217, 273, 182, 154]
927 4222 [374, 344, 395, 188, 263, 435, 305, 299, 436, 351, 403, 429]
928 3306 [207, 336, 373, 217, 286, 304, 249, 169, 247, 175, 420, 323]
929 3743 [354, 377, 435, 398, 286, 262, 423, 305, 214, 272, 210, 207]
924 3480 [438, 239, 219, 327, 391, 260, 318, 322, 218, 176, 162, 410]
931 3740 [259, 205, 430, 244, 235, 175, 402, 227, 440, 392, 349, 382]
932 3061 [147, 397, 242, 302, 151, 415, 146, 167, 235, 383, 222, 254]
930 2932 [355, 185, 140, 286, 224, 246, 413, 204, 297, 200, 190, 192]
933 3162 [372, 392, 298, 367, 345, 270, 181, 159, 150, 157, 332, 139]
934 3754 [438, 345, 265, 368, 162, 379, 302, 397, 165, 349, 314, 270]
935 3519 [385, 333, 344, 288, 444, 338, 278, 189, 148, 224, 189, 359]
936 3500 [244, 438, 215, 211, 426, 166, 390, 416, 139, 338, 355, 162]
937 3503 [397, 323, 341, 219, 419, 435, 173, 173, 323, 249, 285, 166]
938 3501 [264, 243, 360, 239, 449, 385, 247, 147, 319, 252, 365, 231]
940 3140 [322, 173, 291, 204, 341, 211, 186, 372, 156, 249, 194, 441]
939 3379 [367, 287, 367, 270, 397, 181, 161, 160, 362, 212, 433, 182]
942 3931 [254, 293, 171, 432, 425, 287, 362, 174, 375, 434, 440, 284]
941 3726 [434, 225, 234, 440, 256, 412, 199, 344, 369, 366, 218, 229]
943 3982 [411, 306, 388, 350, 415, 314, 403, 346, 208, 315, 171, 355]
945 3233 [415, 374, 145, 168, 354, 211, 297, 172, 382, 202, 245, 268]
944 3787 [330, 304, 196, 227, 443, 255, 399, 427, 301, 365, 230, 310]
947 3817 [357, 183, 380, 426, 264, 214, 386, 250, 276, 415, 391, 275]
948 3786 [391, 383, 342, 180, 282, 361, 175, 310, 439, 341, 363, 219]
949 3582 [264, 180, 335, 221, 312, 342, 242, 174, 393, 338, 443, 338]
946 3548 [382, 245, 398, 358, 246, 321, 287, 224, 145, 190, 352, 400]
950 3204 [402, 255, 293, 366, 155, 335, 251, 165, 281, 215, 332, 154]
951 3757 [434, 207, 387, 174, 408, 325, 169, 333, 268, 421, 353, 278]
953 3414 [249, 445, 196, 291, 421, 399, 225, 195, 264, 147, 215, 367]
952 3815 [357, 441, 140, 190, 211, 368, 382, 381, 298, 417, 339, 291]
955 3652 [197, 265, 417, 207, 358, 209, 418, 199, 237, 328, 445, 372]
956 2698 [203, 149, 233, 160, 193, 298, 304, 292, 248, 230, 185, 203]
957 3834 [441, 427, 316, 223, 419, 322, 145, 200, 283, 432, 329, 297]
958 3296 [358, 145, 445, 213, 233, 245, 203, 383, 214, 271, 231, 355]
959 3302 [196, 269, 265, 362, 421, 176, 188, 185, 423, 185, 207, 425]
960 3614 [315, 222, 245, 353, 382, 391, 233, 208, 330, 369, 142, 424]
961 3384 [156, 157, 194, 219, 251, 409, 282, 384, 373, 224, 381, 354]
954 2906 [318, 257, 371, 317, 190, 179, 195, 164, 203, 199, 179, 334]
963 3684 [328, 399, 236, 201, 264, 406, 302, 288, 214, 346, 370, 330]
964 3185 [390, 177, 308, 232, 356, 377, 333, 149, 158, 243, 263, 199]
965 3063 [282, 254, 175, 234, 275, 269, 407, 145, 169, 413, 193, 247]
962 3556 [386, 423, 161, 412, 182, 389, 382, 246, 243, 306, 196, 230]
967 3984 [438, 437, 218, 257, 438, 161, 317, 322, 407, 405, 196, 388]
966 3360 [283, 219, 410, 406, 217, 194, 139, 169, 360, 262, 394, 307]
969 4162 [439, 448, 406, 146, 218, 160, 412, 277, 377, 440, 418, 421]
970 3850 [430, 396, 438, 398, 249, 396, 202, 181, 370, 245, 213, 332]
971 3751 [231, 412, 165, 266, 140, 266, 435, 418, 187, 440, 402, 389]
972 3481 [290, 307, 236, 244, 222, 369, 244, 377, 201, 205, 445, 341]
973 3464 [296, 169, 375, 139, 373, 347, 431, 182, 240, 293, 330, 289]
968 3252 [231, 367, 257, 216, 292, 171, 286, 207, 215, 278, 437, 295]
975 2897 [293, 139, 302, 293, 259, 139, 296, 369, 219, 267, 155, 166]
976 4067 [240, 266, 435, 444, 331, 383, 155, 393, 396, 398, 420, 206]
977 3818 [224, 320, 237, 281, 348, 366, 396, 229, 343, 443, 240, 391]
974 2621 [297, 207, 191, 148, 301, 252, 381, 157, 154, 153, 162, 218]
978 3939 [381, 309, 439, 384, 408, 200, 297, 211, 321, 289, 447, 253]
979 3696 [347, 158, 283, 209, 434, 308, 439, 293, 210, 423, 289, 303]
980 3542 [257, 214, 207, 345, 415, 213, 433, 367, 172, 240, 435, 244]
981 3647 [226, 324, 181, 260, 304, 388, 405, 338, 302, 415, 361, 143]
982 3811 [153, 139, 388, 417, 434, 149, 361, 357, 418, 397, 239, 359]
984 3245 [285, 155, 159, 341, 146, 156, 283, 263, 410, 277, 371, 399]
985 3745 [171, 345, 286, 402, 268, 424, 351, 289, 432, 172, 297, 308]
983 3902 [211, 445, 448, 413, 268, 304, 444, 400, 161, 242, 296, 270]
987 3620 [322, 171, 333, 244, 256, 288, 401, 380, 269, 281, 331, 344]
988 3367 [229, 215, 262, 384, 367, 315, 300, 185, 419, 294, 219, 178]
989 3106 [292, 139, 352, 361, 230, 272, 195, 333, 230, 193, 194, 315]
990 3583 [179, 300, 234, 395, 156, 440, 250, 316, 415, 236, 235, 427]


991 3557 [418, 146, 301, 202, 384, 189, 369, 252, 393, 257, 391, 255]
994 3597 [321, 410, 221, 300, 204, 192, 372, 401, 221, 351, 208, 396]
995 3542 [426, 193, 423, 409, 170, 251, 162, 400, 256, 365, 223, 264]
996 3863 [215, 237, 331, 384, 221, 239, 337, 334, 416, 376, 328, 445]
997 3961 [210, 287, 365, 438, 423, 290, 165, 397, 323, 346, 410, 307]
998 3758 [174, 427, 442, 411, 304, 318, 199, 141, 265, 335, 300, 442]
999 3555 [273, 289, 369, 338, 374, 145, 143, 306, 355, 382, 266, 315]
1000 3087 [236, 267, 162, 310, 145, 217, 170, 350, 308, 342, 197, 383]
==========***** 2021-01-08 18:14:47 start to log *****==========
993 3267 [339, 250, 225, 150, 189, 329, 333, 357, 290, 309, 247, 249]
==========***** 2021-01-08 18:15:27 start to log *****==========
992 3996 [302, 359, 351, 430, 293, 328, 333, 297, 290, 376, 289, 348]
986 3633 [387, 363, 260, 162, 423, 376, 366, 411, 269, 144, 325, 147]
