==========***** 2021-01-09 18:59:15 start to log *****==========
5 3422 [178, 348, 380, 317, 368, 313, 169, 407, 186, 130, 331, 295]
2 3716 [298, 404, 414, 258, 360, 187, 235, 315, 344, 263, 280, 358]
3 3283 [404, 320, 197, 153, 219, 121, 123, 313, 339, 326, 383, 385]
8 2709 [220, 138, 425, 152, 133, 263, 358, 193, 154, 207, 170, 296]
6 3310 [317, 289, 170, 221, 336, 230, 321, 257, 164, 386, 387, 232]
10 3379 [390, 328, 187, 247, 337, 141, 234, 321, 289, 269, 367, 269]
1 3151 [250, 170, 346, 378, 161, 283, 285, 127, 233, 407, 162, 349]
9 3270 [322, 329, 393, 295, 377, 173, 305, 177, 244, 205, 316, 134]
12 3532 [291, 257, 369, 302, 324, 354, 323, 416, 117, 384, 195, 200]
11 3308 [403, 403, 333, 139, 295, 129, 240, 382, 257, 213, 351, 163]
4 2983 [282, 413, 192, 118, 284, 298, 298, 379, 169, 130, 180, 240]
14 3099 [267, 231, 184, 239, 305, 169, 376, 329, 177, 283, 244, 295]
17 2996 [172, 347, 157, 415, 315, 213, 262, 142, 173, 400, 253, 147]
15 3289 [341, 363, 403, 270, 355, 131, 213, 345, 180, 390, 166, 132]
18 3023 [174, 212, 236, 188, 206, 407, 198, 300, 125, 388, 217, 372]
13 2872 [221, 216, 417, 226, 282, 184, 348, 388, 147, 124, 133, 186]
23 3249 [301, 239, 242, 280, 321, 191, 138, 289, 412, 293, 328, 215]
19 2915 [187, 327, 137, 178, 186, 362, 133, 367, 130, 366, 159, 383]
22 2876 [188, 222, 190, 372, 157, 309, 344, 278, 413, 117, 132, 154]
21 3261 [373, 388, 241, 140, 408, 241, 246, 172, 268, 220, 284, 280]
25 3480 [251, 402, 409, 283, 382, 220, 186, 340, 122, 172, 362, 351]
24 3344 [345, 155, 416, 312, 251, 318, 356, 158, 226, 170, 219, 418]
16 3535 [185, 124, 314, 260, 418, 352, 414, 401, 328, 176, 303, 260]
33 3160 [220, 295, 151, 199, 362, 143, 322, 414, 370, 206, 291, 187]
32 3166 [124, 262, 422, 318, 147, 246, 416, 344, 147, 332, 173, 235]
30 3307 [211, 340, 233, 427, 222, 130, 257, 195, 413, 342, 132, 405]
31 3581 [352, 427, 277, 364, 283, 149, 233, 407, 191, 291, 418, 189]
42 3301 [284, 363, 421, 169, 247, 182, 119, 221, 367, 324, 393, 211]
41 3833 [354, 279, 317, 376, 331, 274, 295, 286, 229, 366, 347, 379]
43 3517 [348, 348, 398, 349, 284, 139, 307, 254, 320, 336, 268, 166]
39 3316 [250, 252, 407, 302, 128, 309, 393, 423, 129, 220, 163, 340]
40 3347 [357, 238, 130, 347, 206, 415, 122, 305, 419, 182, 230, 396]
53 3314 [158, 259, 336, 256, 387, 143, 302, 261, 398, 213, 409, 192]
50 3115 [148, 318, 278, 161, 427, 220, 259, 188, 402, 303, 170, 241]
52 3462 [426, 187, 281, 302, 246, 321, 224, 138, 392, 237, 316, 392]
49 3326 [222, 198, 131, 250, 245, 183, 375, 259, 280, 390, 398, 395]
58 3452 [243, 357, 269, 328, 200, 238, 242, 395, 311, 370, 374, 125]
54 3742 [260, 243, 371, 395, 354, 211, 369, 426, 294, 262, 237, 320]
55 2899 [400, 230, 334, 185, 406, 128, 161, 230, 146, 154, 398, 127]
62 3084 [351, 409, 215, 233, 225, 247, 123, 131, 422, 275, 304, 149]
61 3434 [323, 175, 184, 119, 409, 426, 128, 343, 389, 215, 328, 395]
64 3487 [256, 413, 173, 217, 220, 281, 272, 394, 310, 380, 261, 310]
67 3167 [231, 253, 301, 362, 232, 256, 329, 316, 413, 122, 224, 128]
68 2848 [237, 122, 257, 342, 351, 169, 322, 244, 209, 314, 131, 150]
70 3525 [287, 193, 329, 224, 198, 384, 201, 314, 415, 411, 309, 260]
69 3449 [217, 307, 313, 296, 266, 385, 372, 155, 423, 254, 239, 222]
71 3310 [300, 152, 422, 350, 152, 135, 400, 262, 339, 286, 194, 318]
72 2877 [321, 271, 156, 160, 221, 204, 401, 411, 149, 161, 137, 285]
77 3250 [321, 374, 188, 395, 197, 302, 300, 315, 144, 147, 396, 171]
80 3227 [261, 219, 144, 259, 249, 360, 199, 221, 205, 313, 420, 377]
79 3017 [229, 272, 211, 206, 122, 202, 298, 239, 416, 378, 265, 179]
83 2833 [190, 316, 161, 321, 137, 254, 209, 382, 318, 119, 237, 189]
81 3196 [217, 307, 396, 300, 127, 369, 251, 167, 215, 184, 378, 285]
85 2947 [247, 344, 145, 263, 265, 171, 118, 365, 180, 291, 135, 423]
57 3467 [266, 129, 381, 413, 377, 202, 229, 364, 383, 194, 234, 295]
90 3308 [153, 210, 317, 339, 188, 342, 392, 257, 145, 419, 399, 147]
93 3135 [275, 208, 169, 213, 424, 235, 371, 146, 170, 188, 324, 412]
88 3119 [348, 165, 183, 145, 421, 317, 271, 233, 180, 341, 293, 222]
92 3399 [244, 385, 152, 342, 170, 145, 388, 420, 358, 246, 158, 391]
94 3060 [304, 164, 238, 387, 152, 265, 360, 322, 162, 156, 416, 134]
99 2836 [181, 277, 135, 321, 129, 213, 374, 156, 269, 148, 367, 266]
100 3341 [368, 163, 373, 344, 270, 197, 405, 301, 328, 180, 181, 231]
98 2571 [229, 402, 235, 169, 125, 421, 125, 129, 197, 245, 171, 123]
101 3374 [172, 303, 145, 178, 288, 207, 231, 335, 350, 359, 392, 414]
106 3784 [261, 120, 342, 427, 409, 128, 418, 221, 246, 410, 390, 412]
103 3213 [274, 392, 121, 316, 183, 288, 132, 228, 404, 343, 148, 384]
107 3226 [214, 129, 226, 225, 368, 344, 177, 276, 400, 321, 427, 119]
89 3429 [179, 166, 231, 340, 407, 371, 375, 296, 154, 271, 412, 227]
105 3041 [150, 422, 388, 228, 363, 171, 152, 177, 366, 337, 160, 127]
113 2807 [275, 212, 152, 208, 406, 184, 368, 168, 135, 219, 171, 309]
114 3354 [243, 160, 187, 342, 319, 377, 307, 265, 295, 258, 205, 396]
115 3080 [311, 411, 173, 316, 134, 132, 358, 156, 189, 334, 411, 155]
122 3540 [162, 367, 371, 353, 251, 156, 264, 427, 366, 164, 232, 427]
120 4152 [390, 343, 301, 399, 391, 338, 319, 419, 235, 372, 251, 394]
129 3119 [372, 131, 281, 254, 246, 149, 182, 416, 308, 390, 252, 138]
133 2924 [340, 405, 119, 247, 262, 354, 153, 255, 123, 407, 135, 124]
134 3564 [359, 378, 328, 148, 351, 334, 377, 282, 369, 191, 298, 149]
136 3077 [199, 397, 188, 395, 278, 231, 300, 240, 147, 128, 386, 188]
137 3154 [262, 286, 218, 320, 156, 337, 413, 216, 263, 194, 348, 141]
130 3597 [349, 251, 276, 386, 242, 266, 282, 408, 416, 178, 397, 146]
144 3208 [310, 206, 298, 308, 198, 170, 145, 317, 373, 352, 354, 177]
142 3446 [263, 404, 129, 410, 419, 119, 167, 313, 331, 158, 318, 415]
143 3204 [396, 167, 223, 354, 149, 422, 210, 427, 353, 174, 149, 180]
150 3049 [267, 155, 216, 405, 222, 230, 291, 392, 180, 127, 222, 342]
152 3115 [136, 335, 331, 145, 129, 198, 396, 265, 368, 236, 391, 185]
158 3192 [128, 327, 427, 119, 238, 145, 409, 376, 228, 314, 127, 354]
151 3356 [337, 397, 347, 182, 159, 351, 391, 294, 384, 147, 172, 195]
165 2892 [368, 121, 269, 291, 170, 240, 371, 294, 200, 178, 162, 228]
163 3312 [404, 360, 233, 327, 163, 308, 402, 328, 220, 145, 141, 281]
164 3325 [140, 326, 127, 321, 281, 191, 411, 425, 152, 292, 327, 332]
161 3162 [230, 417, 328, 142, 142, 290, 231, 300, 135, 405, 176, 366]
170 3291 [422, 156, 193, 406, 171, 207, 351, 216, 146, 404, 415, 204]
168 3444 [239, 128, 389, 378, 270, 346, 292, 411, 355, 125, 148, 363]
171 3006 [347, 303, 406, 257, 149, 267, 121, 170, 206, 202, 304, 274]
173 2930 [346, 396, 377, 301, 187, 136, 176, 199, 215, 137, 274, 186]
180 3320 [159, 269, 335, 406, 177, 198, 219, 252, 330, 405, 211, 359]
179 3058 [427, 282, 144, 383, 334, 117, 280, 179, 319, 215, 173, 205]
181 3679 [357, 325, 408, 143, 309, 302, 233, 400, 386, 222, 370, 224]
187 3481 [259, 288, 128, 336, 338, 356, 217, 261, 400, 363, 207, 328]
186 3438 [308, 299, 234, 127, 308, 181, 278, 299, 425, 354, 210, 415]
194 4228 [328, 229, 365, 405, 425, 198, 371, 360, 379, 377, 395, 396]
195 3264 [187, 250, 166, 260, 335, 295, 137, 339, 231, 318, 365, 381]
196 2871 [227, 141, 123, 240, 147, 166, 379, 178, 379, 187, 297, 407]
203 3016 [390, 148, 117, 129, 135, 310, 364, 234, 302, 298, 167, 422]
204 2682 [239, 138, 181, 180, 212, 341, 275, 229, 145, 225, 297, 220]
211 3621 [346, 397, 317, 390, 333, 156, 387, 151, 313, 409, 170, 252]
219 3341 [343, 360, 408, 294, 295, 139, 301, 223, 313, 120, 182, 363]
217 3349 [215, 301, 334, 185, 307, 305, 352, 403, 192, 329, 198, 228]
221 3071 [119, 224, 363, 261, 182, 206, 386, 123, 283, 348, 248, 328]
218 3426 [304, 351, 414, 284, 250, 187, 378, 132, 228, 191, 386, 321]
220 3378 [168, 405, 341, 228, 379, 408, 277, 141, 406, 226, 250, 149]
222 3370 [183, 281, 376, 154, 382, 299, 377, 336, 131, 396, 130, 325]
228 3180 [329, 149, 326, 122, 288, 422, 327, 138, 135, 363, 240, 341]
225 3339 [227, 408, 398, 337, 254, 132, 375, 196, 313, 224, 248, 227]
227 3485 [217, 418, 209, 388, 294, 392, 142, 319, 312, 212, 221, 361]
229 3510 [420, 320, 402, 383, 387, 118, 280, 182, 214, 233, 393, 178]
237 3226 [352, 143, 422, 359, 122, 207, 288, 229, 169, 417, 239, 279]
235 3282 [121, 297, 305, 389, 312, 418, 183, 421, 190, 190, 324, 132]
236 3745 [383, 167, 214, 399, 140, 166, 366, 373, 364, 394, 413, 366]
234 2762 [127, 360, 233, 153, 404, 170, 422, 133, 124, 301, 180, 155]
238 3926 [416, 382, 312, 285, 217, 425, 181, 286, 384, 417, 272, 349]
245 3493 [274, 247, 328, 366, 199, 404, 153, 174, 262, 365, 420, 301]
244 2721 [229, 159, 150, 316, 120, 202, 236, 284, 153, 316, 278, 278]
251 3522 [178, 411, 231, 392, 299, 223, 376, 334, 173, 222, 344, 339]
243 3111 [251, 244, 247, 281, 212, 401, 146, 182, 239, 193, 419, 296]
255 3247 [224, 352, 311, 342, 229, 174, 345, 392, 170, 225, 227, 256]
257 3027 [304, 157, 154, 241, 226, 269, 167, 305, 328, 379, 123, 374]
259 3765 [345, 411, 251, 370, 285, 329, 388, 281, 167, 387, 319, 232]
261 3561 [239, 422, 279, 174, 413, 395, 144, 378, 248, 140, 338, 391]
258 3077 [224, 159, 233, 404, 307, 132, 342, 303, 344, 196, 130, 303]
263 3191 [163, 156, 360, 205, 379, 247, 295, 350, 323, 416, 133, 164]
269 3554 [308, 132, 183, 378, 118, 379, 282, 206, 402, 418, 426, 322]
270 3343 [316, 182, 220, 322, 380, 327, 381, 366, 167, 286, 218, 178]
272 2644 [315, 316, 140, 272, 131, 169, 237, 212, 417, 153, 124, 158]
271 2949 [288, 200, 420, 182, 170, 212, 401, 133, 232, 309, 123, 279]
276 2810 [238, 409, 171, 289, 249, 172, 183, 222, 167, 177, 282, 251]
277 3066 [142, 332, 330, 150, 123, 304, 279, 386, 120, 175, 355, 370]
252 2950 [199, 262, 184, 324, 191, 135, 222, 318, 182, 396, 410, 127]
265 2867 [218, 168, 177, 320, 231, 295, 336, 124, 122, 378, 271, 227]
278 3048 [396, 186, 252, 159, 314, 262, 276, 253, 335, 138, 252, 225]
291 3261 [321, 136, 228, 181, 276, 363, 344, 132, 142, 355, 416, 367]
297 2971 [290, 302, 149, 391, 348, 275, 220, 268, 152, 179, 222, 175]
300 3547 [311, 245, 330, 195, 308, 343, 178, 287, 368, 297, 269, 416]
298 3631 [356, 402, 190, 312, 141, 269, 293, 391, 408, 179, 374, 316]
302 3649 [413, 396, 304, 383, 184, 120, 149, 385, 347, 381, 200, 387]
303 3230 [358, 303, 132, 326, 410, 296, 141, 321, 243, 165, 189, 346]
305 2978 [209, 193, 238, 333, 388, 292, 348, 201, 127, 197, 144, 308]
304 3559 [150, 416, 153, 424, 273, 208, 194, 382, 316, 369, 262, 412]
306 2792 [272, 328, 138, 160, 386, 224, 275, 308, 138, 135, 125, 303]
307 3390 [423, 122, 235, 180, 372, 305, 287, 333, 211, 425, 313, 184]
301 2716 [155, 374, 206, 140, 137, 229, 160, 127, 151, 310, 385, 342]
310 3500 [420, 386, 158, 289, 394, 354, 201, 411, 166, 281, 152, 288]
311 3557 [140, 367, 423, 413, 348, 202, 175, 200, 402, 348, 395, 144]
314 3887 [306, 380, 351, 379, 292, 216, 347, 338, 297, 301, 361, 319]
312 3577 [272, 406, 189, 193, 321, 285, 276, 417, 402, 332, 367, 117]
316 3195 [383, 245, 172, 330, 355, 329, 153, 206, 364, 319, 174, 165]
315 3441 [243, 255, 360, 386, 353, 134, 400, 203, 155, 329, 215, 408]
292 3655 [306, 293, 288, 302, 173, 394, 140, 350, 388, 410, 415, 196]
308 2945 [132, 290, 296, 253, 218, 140, 216, 268, 398, 247, 358, 129]
317 3308 [366, 189, 369, 236, 347, 323, 169, 337, 199, 198, 270, 305]
319 3336 [426, 143, 413, 166, 391, 230, 291, 335, 378, 185, 254, 124]
321 3193 [236, 349, 248, 319, 261, 123, 155, 236, 390, 377, 150, 349]
327 3280 [178, 372, 349, 253, 198, 370, 353, 299, 254, 122, 147, 385]
331 2727 [340, 144, 140, 165, 253, 120, 287, 325, 347, 133, 327, 146]
333 3047 [292, 143, 233, 302, 119, 339, 320, 154, 287, 295, 357, 206]
335 3367 [287, 310, 360, 342, 131, 192, 207, 283, 258, 281, 414, 302]
342 2858 [201, 120, 424, 324, 221, 125, 335, 148, 183, 368, 134, 275]
339 3231 [347, 135, 356, 413, 121, 393, 221, 121, 266, 224, 219, 415]
341 3146 [132, 404, 406, 283, 202, 331, 126, 244, 328, 208, 274, 208]
343 3487 [197, 319, 128, 260, 240, 393, 127, 373, 360, 344, 401, 345]
340 3133 [152, 339, 239, 281, 172, 331, 164, 286, 356, 156, 319, 338]
347 2939 [251, 317, 253, 303, 137, 421, 283, 341, 139, 129, 193, 172]
348 3086 [270, 318, 140, 282, 170, 121, 192, 366, 128, 341, 374, 384]
349 3509 [308, 347, 246, 396, 390, 130, 300, 270, 285, 183, 253, 401]
351 2287 [297, 146, 169, 389, 127, 167, 132, 296, 121, 121, 191, 131]
344 3416 [198, 288, 299, 327, 298, 127, 395, 316, 120, 335, 394, 319]
355 3545 [245, 214, 181, 333, 380, 343, 186, 280, 332, 365, 397, 289]
358 3042 [288, 199, 226, 279, 175, 219, 324, 250, 146, 305, 371, 260]
356 2852 [295, 169, 286, 408, 149, 420, 199, 221, 139, 205, 230, 131]
362 3334 [137, 353, 254, 299, 122, 372, 125, 363, 333, 423, 278, 275]
363 3774 [128, 365, 255, 355, 335, 407, 413, 354, 304, 284, 242, 332]
367 2903 [161, 356, 335, 236, 136, 350, 389, 228, 135, 175, 265, 137]
369 3310 [146, 172, 177, 282, 166, 319, 325, 333, 407, 238, 365, 380]
370 2856 [132, 159, 253, 306, 274, 396, 214, 157, 213, 318, 192, 242]
371 3615 [375, 345, 119, 216, 309, 314, 412, 384, 213, 135, 406, 387]
364 2967 [174, 188, 387, 231, 268, 193, 179, 273, 181, 251, 303, 339]
372 2601 [158, 136, 171, 275, 372, 248, 155, 158, 201, 134, 208, 385]
373 3904 [401, 252, 365, 302, 313, 396, 133, 233, 410, 396, 332, 371]
375 3494 [390, 380, 367, 370, 283, 117, 221, 234, 384, 257, 351, 140]
374 3426 [193, 166, 334, 190, 309, 287, 309, 118, 425, 368, 300, 427]
376 3009 [217, 384, 411, 272, 181, 195, 165, 295, 160, 207, 271, 251]
346 3052 [234, 117, 226, 243, 412, 381, 147, 130, 272, 397, 238, 255]
377 3718 [267, 367, 319, 219, 397, 357, 281, 372, 362, 299, 335, 143]
381 3542 [252, 370, 392, 238, 417, 248, 418, 185, 245, 275, 355, 147]
383 3015 [223, 117, 182, 238, 337, 367, 262, 288, 327, 140, 378, 156]
382 3425 [361, 265, 400, 254, 262, 163, 332, 420, 124, 365, 292, 187]
384 3055 [274, 148, 341, 211, 203, 239, 221, 366, 117, 403, 398, 134]
388 2937 [420, 172, 427, 121, 202, 195, 195, 404, 126, 144, 189, 342]
390 3728 [143, 311, 325, 354, 384, 423, 231, 341, 389, 337, 141, 349]
391 3193 [390, 276, 227, 241, 276, 409, 137, 245, 202, 276, 171, 343]
397 2719 [288, 185, 321, 117, 340, 196, 299, 118, 151, 198, 190, 316]
396 3735 [217, 426, 363, 427, 347, 211, 267, 402, 420, 206, 188, 261]
400 3003 [141, 389, 205, 306, 130, 349, 144, 224, 334, 279, 321, 181]
401 2721 [167, 352, 138, 287, 216, 169, 301, 253, 212, 348, 132, 146]
406 2974 [177, 134, 148, 402, 379, 263, 181, 214, 121, 131, 418, 406]
407 3784 [301, 299, 413, 353, 152, 284, 426, 280, 334, 398, 369, 175]
405 2824 [117, 245, 222, 202, 208, 297, 263, 247, 270, 418, 205, 130]
408 3126 [196, 277, 183, 188, 216, 385, 345, 294, 263, 134, 263, 382]
415 3110 [171, 218, 295, 192, 173, 397, 135, 182, 354, 395, 382, 216]
416 3171 [117, 308, 216, 276, 319, 151, 356, 155, 212, 268, 415, 378]
419 3225 [303, 125, 154, 376, 388, 208, 294, 290, 361, 326, 246, 154]
420 3427 [341, 422, 117, 229, 313, 380, 263, 324, 168, 366, 124, 380]
421 3480 [413, 331, 200, 306, 196, 184, 370, 232, 237, 380, 244, 387]
425 3611 [386, 344, 386, 219, 306, 229, 323, 317, 339, 285, 277, 200]
424 3250 [217, 298, 324, 373, 190, 193, 274, 269, 163, 167, 372, 410]
426 2861 [229, 255, 158, 242, 245, 329, 342, 270, 259, 197, 213, 122]
434 3176 [206, 139, 152, 399, 321, 189, 274, 131, 253, 414, 271, 427]
435 3634 [306, 251, 289, 210, 427, 311, 181, 419, 418, 424, 124, 274]
439 3255 [295, 150, 333, 316, 327, 204, 186, 120, 233, 365, 364, 362]
438 3587 [229, 317, 272, 215, 354, 266, 338, 281, 237, 318, 362, 398]
444 3128 [141, 127, 120, 404, 122, 326, 375, 251, 161, 394, 408, 299]
443 3075 [246, 391, 295, 118, 176, 343, 224, 199, 298, 329, 168, 288]
446 2785 [120, 207, 341, 184, 185, 380, 218, 177, 159, 287, 172, 355]
447 3819 [221, 403, 307, 303, 427, 147, 327, 145, 317, 425, 378, 419]
453 3028 [141, 227, 154, 207, 226, 232, 313, 349, 414, 333, 282, 150]
452 3221 [210, 204, 210, 256, 278, 218, 129, 415, 291, 424, 205, 381]
451 2974 [171, 130, 157, 295, 139, 290, 188, 416, 368, 369, 225, 226]
455 3016 [415, 208, 250, 201, 341, 305, 284, 219, 121, 171, 117, 384]
462 3326 [390, 303, 292, 213, 206, 396, 358, 255, 153, 399, 138, 223]
459 2564 [216, 188, 132, 124, 166, 424, 127, 182, 118, 405, 293, 189]
463 3621 [415, 152, 214, 376, 241, 360, 161, 338, 272, 279, 410, 403]
461 3852 [425, 294, 329, 387, 384, 346, 304, 277, 154, 229, 386, 337]
460 3162 [226, 289, 342, 210, 246, 345, 250, 187, 257, 389, 268, 153]
464 3022 [407, 369, 292, 311, 197, 137, 151, 150, 202, 315, 157, 334]
465 3130 [151, 266, 117, 146, 340, 335, 275, 393, 158, 400, 207, 342]
468 3606 [301, 189, 302, 388, 362, 299, 359, 334, 360, 321, 232, 159]
467 3060 [254, 211, 192, 212, 310, 118, 316, 355, 301, 248, 316, 227]
474 2881 [136, 400, 229, 225, 316, 166, 120, 202, 423, 277, 265, 122]
473 3128 [294, 301, 173, 263, 217, 362, 398, 396, 197, 156, 156, 215]
471 2751 [184, 148, 161, 395, 284, 234, 193, 314, 232, 141, 180, 285]
469 3533 [262, 303, 269, 128, 297, 380, 153, 263, 384, 351, 386, 357]
479 3180 [401, 235, 151, 283, 175, 144, 326, 332, 327, 223, 297, 286]
476 3388 [241, 179, 418, 229, 321, 345, 287, 274, 253, 399, 243, 199]
482 3353 [402, 149, 223, 257, 423, 426, 229, 219, 408, 196, 267, 154]
481 3034 [334, 140, 281, 293, 215, 327, 415, 172, 286, 121, 147, 303]
488 3057 [370, 147, 336, 256, 161, 302, 275, 161, 212, 274, 139, 424]
486 3324 [316, 167, 292, 344, 366, 254, 156, 274, 331, 162, 387, 275]
494 3164 [190, 146, 338, 298, 205, 223, 405, 252, 259, 219, 389, 240]
492 2817 [250, 214, 295, 371, 129, 284, 169, 285, 170, 352, 178, 120]
495 3940 [388, 383, 340, 249, 357, 375, 412, 177, 355, 265, 392, 247]
493 3104 [132, 296, 351, 296, 193, 261, 290, 124, 135, 267, 353, 406]
489 2830 [161, 319, 167, 128, 285, 355, 398, 157, 203, 232, 131, 294]
503 3713 [366, 427, 367, 226, 336, 252, 303, 180, 262, 162, 415, 417]
504 3673 [331, 312, 273, 304, 229, 373, 125, 340, 367, 293, 395, 331]
512 2979 [424, 389, 158, 154, 416, 140, 209, 135, 286, 269, 229, 170]
511 3514 [220, 398, 411, 133, 398, 389, 164, 368, 217, 397, 255, 164]
520 3100 [220, 420, 387, 264, 285, 156, 285, 133, 125, 370, 317, 138]
518 3345 [232, 361, 249, 185, 347, 323, 376, 348, 296, 197, 300, 131]
519 2902 [188, 246, 228, 339, 321, 369, 233, 207, 177, 236, 138, 220]
521 3297 [319, 171, 206, 176, 161, 303, 280, 417, 333, 385, 267, 279]
522 3188 [162, 246, 167, 160, 146, 383, 333, 339, 249, 202, 400, 401]
527 3056 [190, 223, 206, 224, 243, 232, 151, 238, 326, 222, 397, 404]
528 3117 [317, 124, 219, 338, 168, 257, 269, 285, 182, 310, 322, 326]
532 3221 [229, 282, 183, 279, 366, 295, 341, 314, 205, 363, 247, 117]
534 3646 [425, 400, 237, 389, 288, 377, 133, 311, 256, 318, 293, 219]
535 3845 [417, 378, 321, 373, 262, 420, 170, 174, 408, 258, 256, 408]
539 3350 [124, 385, 363, 191, 256, 394, 420, 118, 273, 350, 231, 245]
540 3423 [343, 207, 177, 345, 239, 371, 397, 414, 302, 231, 227, 170]
544 3155 [412, 323, 351, 179, 250, 366, 146, 135, 230, 334, 162, 267]
542 3162 [171, 416, 160, 315, 333, 130, 171, 390, 203, 221, 378, 274]
546 2647 [170, 255, 306, 138, 194, 145, 350, 152, 186, 194, 155, 402]
547 3155 [318, 157, 293, 335, 121, 365, 286, 216, 381, 146, 283, 254]
549 3250 [271, 190, 231, 135, 248, 393, 346, 135, 401, 163, 416, 321]
548 2638 [248, 372, 142, 228, 196, 159, 180, 157, 275, 252, 284, 145]
541 2919 [287, 206, 159, 325, 213, 366, 175, 402, 228, 117, 219, 222]
554 3418 [244, 385, 388, 413, 160, 280, 328, 146, 262, 237, 336, 239]
556 3216 [329, 119, 292, 329, 258, 254, 295, 340, 373, 213, 186, 228]
561 3237 [322, 117, 373, 247, 352, 290, 119, 413, 295, 122, 335, 252]
560 2941 [240, 376, 132, 189, 215, 361, 327, 235, 254, 299, 118, 195]
550 2724 [253, 305, 326, 175, 149, 200, 224, 162, 188, 382, 137, 223]
567 3283 [331, 230, 402, 210, 311, 180, 304, 170, 413, 168, 297, 267]
566 3195 [338, 125, 274, 166, 185, 133, 383, 363, 392, 400, 141, 295]
568 2979 [134, 254, 232, 212, 280, 345, 289, 178, 216, 296, 273, 270]
565 3028 [307, 315, 117, 261, 151, 175, 360, 205, 410, 409, 197, 121]
574 3281 [388, 276, 256, 165, 423, 190, 246, 353, 209, 234, 134, 407]
575 3390 [331, 306, 145, 388, 405, 197, 303, 351, 218, 206, 264, 276]
576 3158 [139, 251, 302, 383, 373, 319, 181, 264, 288, 317, 175, 166]
573 3015 [361, 279, 297, 133, 268, 167, 190, 219, 318, 143, 253, 387]
578 3174 [265, 136, 393, 191, 356, 427, 155, 207, 265, 314, 149, 316]
583 3758 [413, 259, 321, 354, 341, 275, 421, 419, 247, 126, 302, 280]
585 3467 [187, 153, 330, 388, 307, 262, 230, 201, 375, 400, 342, 292]
593 3098 [203, 243, 379, 407, 151, 149, 132, 407, 182, 221, 290, 334]
594 3356 [227, 349, 265, 200, 415, 143, 211, 293, 422, 355, 290, 186]
591 4098 [307, 388, 373, 282, 405, 396, 248, 313, 411, 308, 323, 344]
595 3299 [137, 426, 416, 158, 356, 285, 281, 387, 154, 237, 219, 243]
603 3171 [360, 376, 133, 407, 184, 280, 120, 186, 230, 154, 421, 320]
601 2310 [216, 359, 181, 142, 139, 148, 274, 242, 166, 121, 125, 197]
604 3090 [323, 176, 401, 200, 126, 304, 141, 201, 291, 397, 288, 242]
610 2737 [263, 204, 350, 118, 181, 253, 207, 129, 166, 298, 362, 206]
612 3370 [318, 129, 364, 244, 306, 304, 326, 281, 262, 324, 380, 132]
609 3215 [164, 256, 182, 117, 407, 186, 269, 341, 183, 307, 384, 419]
602 3111 [290, 180, 343, 281, 283, 406, 139, 353, 304, 205, 145, 182]
613 3284 [136, 411, 130, 291, 132, 400, 137, 309, 424, 338, 297, 279]
611 3187 [278, 152, 313, 200, 231, 346, 329, 397, 216, 146, 227, 352]
614 3276 [137, 418, 389, 255, 351, 248, 161, 290, 173, 119, 404, 331]
621 3578 [363, 190, 371, 311, 415, 255, 138, 354, 305, 309, 292, 275]
620 2416 [118, 207, 145, 263, 119, 185, 147, 200, 221, 188, 302, 321]
623 2843 [201, 227, 221, 144, 237, 295, 157, 151, 147, 324, 348, 391]
628 3092 [295, 348, 327, 260, 314, 133, 261, 132, 272, 264, 249, 237]
629 3290 [283, 306, 397, 388, 281, 406, 129, 211, 354, 253, 134, 148]
632 3821 [342, 392, 326, 304, 390, 352, 355, 414, 161, 229, 377, 179]
638 3385 [251, 316, 137, 153, 179, 376, 280, 333, 420, 420, 285, 235]
648 3692 [422, 340, 232, 409, 366, 301, 135, 425, 379, 178, 223, 282]
647 3351 [199, 421, 364, 304, 230, 181, 279, 363, 354, 134, 156, 366]
649 3498 [237, 278, 326, 148, 165, 357, 230, 159, 420, 425, 339, 414]
655 3832 [312, 137, 397, 358, 403, 373, 417, 317, 213, 393, 294, 218]
659 3223 [347, 272, 343, 288, 309, 228, 238, 324, 179, 297, 203, 195]
656 2877 [124, 176, 262, 418, 350, 227, 160, 372, 141, 209, 289, 149]
664 2817 [235, 170, 130, 195, 183, 386, 410, 273, 136, 269, 139, 291]
666 3178 [173, 378, 363, 161, 425, 250, 224, 184, 163, 359, 221, 277]
663 3113 [251, 320, 389, 240, 160, 163, 376, 262, 300, 189, 132, 331]
667 3412 [128, 417, 369, 374, 125, 179, 287, 402, 258, 231, 230, 412]
668 3228 [303, 352, 139, 174, 339, 352, 284, 398, 118, 207, 140, 422]
674 3335 [184, 160, 386, 413, 164, 236, 384, 322, 152, 173, 390, 371]
673 3070 [117, 165, 146, 340, 286, 280, 337, 376, 143, 375, 230, 275]
672 3062 [333, 239, 187, 205, 327, 389, 233, 259, 128, 273, 165, 324]
675 3416 [274, 244, 177, 311, 122, 367, 151, 404, 362, 400, 203, 401]
680 3629 [139, 394, 218, 346, 335, 336, 215, 278, 414, 398, 163, 393]
684 3690 [424, 338, 272, 326, 275, 315, 353, 278, 256, 383, 224, 246]
681 3678 [307, 302, 174, 343, 377, 362, 371, 253, 280, 386, 324, 199]
689 2597 [171, 229, 305, 137, 160, 199, 343, 137, 323, 119, 198, 276]
687 3082 [411, 117, 248, 206, 424, 152, 410, 128, 243, 263, 299, 181]
683 3557 [392, 382, 261, 125, 368, 291, 423, 281, 130, 154, 409, 341]
698 3588 [340, 418, 291, 308, 248, 306, 187, 124, 301, 413, 265, 387]
695 3242 [150, 143, 176, 307, 403, 273, 174, 375, 315, 336, 282, 308]
699 3155 [185, 213, 280, 354, 348, 153, 324, 363, 142, 133, 393, 267]
700 3459 [278, 397, 300, 208, 289, 255, 389, 127, 145, 409, 394, 268]
701 3142 [374, 188, 266, 242, 275, 222, 135, 272, 145, 313, 307, 403]
694 2892 [288, 153, 376, 244, 158, 342, 316, 182, 191, 255, 237, 150]
706 3168 [156, 353, 149, 352, 265, 303, 273, 140, 213, 376, 344, 244]
707 3408 [263, 328, 402, 139, 208, 423, 310, 298, 355, 326, 223, 133]
697 3445 [401, 364, 391, 267, 268, 246, 392, 426, 145, 213, 190, 142]
714 3453 [148, 380, 192, 220, 334, 323, 392, 369, 412, 237, 119, 327]
720 3310 [387, 271, 229, 214, 316, 410, 373, 153, 266, 394, 134, 163]
723 3659 [423, 160, 371, 204, 305, 180, 417, 375, 303, 282, 273, 366]
715 3223 [202, 305, 212, 202, 133, 335, 426, 244, 414, 316, 185, 249]
728 3386 [278, 214, 198, 129, 293, 158, 369, 153, 390, 390, 415, 399]
730 3133 [269, 379, 390, 159, 236, 117, 299, 284, 186, 142, 316, 356]
732 3196 [412, 244, 336, 226, 208, 278, 408, 269, 290, 235, 154, 136]
729 3113 [207, 164, 341, 327, 133, 177, 250, 361, 308, 130, 293, 422]
740 3403 [371, 394, 172, 176, 154, 328, 262, 371, 183, 404, 372, 216]
739 3380 [400, 252, 152, 309, 298, 401, 277, 278, 180, 153, 392, 288]
738 3070 [403, 163, 167, 278, 387, 183, 141, 132, 287, 401, 340, 188]
741 3122 [159, 321, 359, 276, 146, 364, 324, 374, 230, 172, 172, 225]
748 3344 [246, 289, 290, 405, 397, 301, 143, 198, 279, 205, 381, 210]
737 3270 [140, 363, 407, 191, 314, 362, 312, 309, 224, 152, 198, 298]
745 3544 [272, 176, 300, 314, 379, 369, 368, 339, 233, 256, 123, 415]
747 3642 [328, 213, 323, 273, 417, 237, 290, 411, 332, 243, 382, 193]
753 3054 [383, 291, 411, 117, 379, 137, 176, 143, 306, 244, 305, 162]
755 2746 [254, 199, 133, 173, 327, 157, 248, 190, 328, 319, 203, 215]
757 3247 [254, 194, 187, 317, 307, 190, 406, 210, 247, 375, 427, 133]
758 2852 [209, 208, 213, 346, 240, 265, 167, 197, 220, 139, 396, 252]
764 3113 [232, 173, 340, 169, 364, 216, 171, 219, 198, 379, 262, 390]
761 3281 [414, 270, 174, 141, 292, 275, 402, 372, 173, 368, 236, 164]
750 3206 [336, 247, 282, 417, 248, 187, 262, 232, 343, 374, 121, 157]
768 3395 [154, 248, 418, 417, 249, 395, 252, 363, 160, 165, 400, 174]
772 2994 [397, 297, 248, 127, 133, 343, 175, 395, 198, 221, 208, 252]
774 3305 [322, 326, 345, 149, 232, 273, 241, 302, 259, 202, 416, 238]
773 3021 [355, 126, 321, 219, 296, 341, 211, 156, 185, 252, 266, 293]
775 3550 [360, 358, 426, 127, 139, 173, 374, 367, 342, 246, 305, 333]
780 3467 [375, 227, 246, 279, 201, 173, 227, 155, 419, 400, 397, 368]
778 3546 [124, 175, 424, 366, 380, 137, 375, 277, 252, 397, 260, 379]
777 3453 [369, 389, 316, 143, 220, 264, 390, 193, 186, 283, 281, 419]
782 3371 [214, 159, 387, 203, 427, 297, 169, 318, 426, 267, 117, 387]
786 3020 [206, 117, 395, 155, 420, 141, 191, 247, 129, 426, 252, 341]
789 2995 [337, 301, 326, 253, 225, 166, 340, 204, 144, 253, 177, 269]
787 3264 [268, 207, 127, 404, 301, 319, 144, 396, 213, 353, 362, 170]
788 3371 [391, 380, 420, 221, 291, 307, 254, 239, 250, 231, 196, 191]
793 3146 [174, 149, 317, 292, 390, 137, 347, 338, 394, 245, 233, 130]
794 3406 [283, 329, 256, 250, 300, 300, 284, 387, 314, 132, 359, 212]
795 2238 [197, 191, 167, 177, 145, 215, 120, 242, 201, 124, 205, 254]
797 3428 [394, 228, 344, 411, 164, 412, 346, 338, 253, 230, 120, 188]
790 3104 [183, 165, 388, 122, 343, 126, 131, 304, 312, 426, 295, 309]
798 3468 [201, 359, 375, 340, 317, 354, 406, 139, 135, 323, 175, 344]
804 2974 [325, 338, 350, 157, 298, 306, 121, 425, 120, 246, 136, 152]
803 3731 [266, 356, 142, 314, 193, 390, 418, 372, 372, 154, 381, 373]
802 2661 [137, 247, 262, 240, 131, 196, 169, 386, 129, 247, 241, 276]
791 3690 [279, 229, 377, 418, 416, 128, 118, 403, 426, 291, 305, 300]
808 2904 [203, 312, 131, 223, 268, 165, 214, 192, 280, 298, 386, 232]
805 2898 [269, 209, 241, 348, 250, 161, 243, 269, 381, 186, 135, 206]
807 3898 [326, 302, 421, 227, 129, 369, 377, 380, 277, 405, 401, 284]
813 3284 [203, 255, 191, 187, 248, 325, 404, 262, 148, 427, 315, 319]
820 3574 [251, 427, 194, 417, 199, 204, 335, 311, 144, 361, 383, 348]
819 3453 [213, 413, 214, 120, 224, 389, 260, 406, 317, 300, 317, 280]
817 3589 [334, 385, 422, 399, 157, 118, 320, 307, 169, 307, 382, 289]
818 2659 [352, 171, 158, 258, 140, 219, 349, 221, 224, 191, 236, 140]
821 3359 [205, 242, 249, 380, 355, 262, 297, 340, 146, 282, 381, 220]
828 3082 [282, 156, 301, 138, 196, 128, 150, 405, 240, 398, 274, 414]
830 2800 [284, 245, 127, 295, 138, 171, 263, 273, 222, 348, 219, 215]
825 3247 [234, 277, 379, 293, 339, 313, 196, 338, 387, 117, 218, 156]
831 2894 [248, 279, 246, 319, 182, 324, 180, 133, 413, 209, 194, 167]
834 3056 [308, 283, 338, 177, 334, 293, 188, 174, 402, 245, 118, 196]
833 2780 [168, 198, 222, 215, 205, 210, 268, 357, 394, 125, 273, 145]
839 3331 [226, 413, 256, 135, 205, 159, 318, 366, 360, 275, 421, 197]
832 3108 [262, 341, 196, 178, 275, 131, 270, 397, 226, 285, 202, 345]
838 3120 [382, 258, 255, 256, 284, 162, 153, 265, 316, 400, 165, 224]
845 2921 [211, 155, 380, 343, 174, 129, 331, 411, 128, 288, 195, 176]
840 3202 [162, 372, 327, 389, 172, 217, 188, 384, 347, 196, 201, 247]
847 3347 [189, 195, 336, 291, 232, 231, 365, 222, 140, 315, 412, 419]
846 3247 [368, 340, 277, 186, 313, 371, 333, 230, 196, 148, 245, 240]
844 3188 [199, 118, 232, 268, 245, 388, 391, 249, 274, 299, 309, 216]
853 3517 [254, 321, 419, 288, 284, 296, 362, 117, 289, 293, 275, 319]
856 2850 [135, 295, 194, 161, 338, 375, 335, 204, 126, 241, 167, 279]
865 3135 [316, 240, 335, 224, 128, 339, 185, 367, 384, 146, 297, 174]
867 3768 [309, 338, 122, 392, 416, 307, 389, 357, 397, 231, 128, 382]
874 3419 [324, 252, 297, 259, 382, 325, 410, 161, 241, 324, 251, 193]
872 3409 [339, 382, 205, 353, 213, 345, 202, 270, 270, 186, 243, 401]
869 2994 [206, 316, 247, 215, 173, 161, 168, 252, 242, 287, 333, 394]
875 3006 [154, 315, 158, 252, 216, 269, 375, 250, 421, 233, 186, 177]
873 2870 [118, 119, 373, 337, 154, 311, 155, 159, 231, 422, 262, 229]
879 3426 [211, 413, 241, 311, 222, 259, 393, 279, 311, 316, 134, 336]
880 3210 [143, 247, 187, 299, 375, 129, 347, 372, 409, 258, 314, 130]
883 3234 [137, 209, 185, 312, 394, 365, 286, 355, 247, 257, 181, 306]
889 3211 [364, 136, 320, 357, 299, 180, 307, 263, 253, 278, 311, 143]
881 3169 [425, 168, 386, 322, 305, 179, 385, 296, 295, 134, 141, 133]
887 2846 [316, 390, 276, 202, 315, 122, 255, 118, 127, 406, 160, 159]
895 3010 [405, 372, 329, 194, 319, 207, 150, 124, 122, 310, 146, 332]
896 3148 [246, 197, 170, 348, 161, 263, 404, 151, 241, 421, 169, 377]
894 2880 [213, 180, 146, 160, 335, 178, 145, 421, 365, 292, 284, 161]
898 3263 [331, 304, 363, 206, 254, 278, 181, 243, 316, 274, 375, 138]
902 2996 [118, 298, 286, 187, 382, 312, 382, 146, 207, 223, 321, 134]
906 3682 [370, 418, 345, 331, 126, 409, 154, 152, 336, 326, 367, 348]
907 3612 [189, 361, 280, 222, 318, 373, 131, 379, 418, 204, 322, 415]
904 3211 [284, 406, 383, 173, 220, 261, 193, 306, 396, 132, 286, 171]
909 3239 [244, 141, 422, 265, 415, 131, 124, 161, 261, 374, 380, 321]
905 3304 [393, 193, 408, 363, 226, 138, 125, 141, 337, 365, 330, 285]
910 3056 [295, 342, 330, 262, 281, 195, 183, 301, 185, 167, 394, 121]
901 3597 [363, 411, 342, 222, 359, 333, 162, 285, 212, 292, 333, 283]
908 2674 [163, 180, 187, 296, 124, 251, 200, 210, 186, 365, 175, 337]
913 3710 [221, 383, 381, 294, 241, 314, 135, 424, 305, 217, 379, 416]
912 3305 [134, 257, 150, 164, 333, 249, 339, 412, 425, 199, 330, 313]
918 3585 [124, 169, 223, 417, 363, 407, 221, 378, 342, 300, 381, 260]
915 3449 [407, 321, 124, 260, 256, 314, 184, 367, 355, 309, 394, 158]
919 3133 [384, 316, 145, 318, 277, 126, 360, 183, 290, 160, 289, 285]
920 3111 [331, 203, 220, 167, 220, 349, 218, 424, 324, 120, 183, 352]
911 3433 [272, 221, 314, 275, 380, 356, 189, 234, 372, 183, 399, 238]
922 3277 [338, 303, 308, 128, 249, 223, 195, 397, 282, 311, 420, 123]
921 3267 [411, 333, 354, 118, 345, 319, 174, 315, 276, 147, 125, 350]
923 3221 [225, 251, 199, 247, 236, 339, 171, 364, 309, 180, 413, 287]
927 3105 [172, 269, 137, 425, 156, 161, 117, 278, 371, 228, 422, 369]
929 3688 [427, 204, 253, 276, 305, 394, 257, 398, 310, 341, 364, 159]
930 3249 [424, 340, 156, 251, 312, 330, 168, 423, 226, 226, 250, 143]
931 2689 [355, 195, 155, 120, 239, 121, 295, 124, 308, 127, 289, 361]
925 3540 [370, 238, 351, 407, 149, 217, 302, 192, 396, 308, 217, 393]
928 3365 [189, 346, 268, 219, 346, 343, 155, 290, 297, 409, 194, 309]
932 2524 [147, 139, 126, 379, 154, 379, 130, 175, 150, 300, 294, 151]
888 3528 [321, 361, 352, 256, 298, 286, 368, 232, 381, 159, 359, 155]
933 3048 [193, 414, 155, 207, 292, 402, 193, 303, 141, 409, 175, 164]
938 3722 [244, 257, 271, 426, 186, 339, 313, 359, 326, 368, 206, 427]
940 3428 [357, 384, 258, 362, 198, 378, 350, 393, 218, 124, 218, 188]
941 3000 [383, 152, 423, 248, 224, 262, 154, 316, 189, 146, 171, 332]
942 2899 [364, 280, 131, 375, 268, 356, 130, 241, 134, 141, 205, 274]
947 3161 [271, 293, 271, 246, 210, 310, 218, 295, 355, 316, 166, 210]
948 3347 [392, 225, 164, 324, 147, 337, 234, 336, 253, 255, 287, 393]
946 2953 [242, 206, 241, 166, 130, 365, 184, 396, 271, 258, 258, 236]
949 3533 [212, 158, 256, 221, 405, 397, 385, 170, 226, 413, 301, 389]
952 3109 [301, 192, 209, 124, 143, 421, 271, 406, 196, 380, 224, 242]
956 3040 [230, 121, 250, 405, 260, 206, 376, 185, 203, 262, 138, 404]
955 3079 [334, 211, 276, 309, 294, 329, 261, 299, 152, 196, 129, 289]
917 2862 [226, 118, 168, 243, 195, 196, 346, 377, 269, 228, 349, 147]
958 3335 [426, 313, 301, 161, 273, 176, 354, 351, 139, 159, 415, 267]
957 3406 [142, 391, 409, 222, 406, 117, 405, 187, 224, 337, 239, 327]
960 3118 [323, 181, 205, 258, 262, 347, 291, 356, 278, 206, 273, 138]
963 3557 [202, 352, 252, 363, 350, 291, 250, 358, 125, 379, 311, 324]
961 2721 [200, 172, 221, 251, 285, 223, 257, 296, 221, 243, 154, 198]
962 3573 [305, 317, 220, 234, 363, 261, 177, 388, 427, 121, 364, 396]
965 3628 [190, 374, 413, 246, 283, 181, 421, 204, 420, 261, 288, 347]
970 3252 [389, 371, 149, 211, 152, 240, 169, 236, 392, 273, 355, 315]
968 3021 [227, 135, 150, 359, 391, 231, 128, 254, 221, 154, 402, 369]
969 3143 [201, 422, 424, 157, 230, 242, 231, 191, 214, 272, 358, 201]
971 3452 [320, 336, 139, 201, 174, 199, 319, 405, 342, 413, 281, 323]
972 2608 [117, 334, 144, 357, 209, 134, 139, 184, 399, 314, 119, 158]
974 3085 [159, 186, 403, 197, 295, 155, 384, 240, 262, 124, 303, 377]
973 2963 [307, 133, 261, 241, 184, 236, 314, 369, 322, 128, 197, 271]
975 3246 [316, 175, 377, 235, 278, 194, 354, 278, 156, 244, 271, 368]
950 3652 [361, 167, 360, 279, 219, 274, 334, 399, 379, 345, 249, 286]
981 3743 [395, 274, 225, 335, 217, 131, 364, 273, 376, 395, 390, 368]
980 3504 [210, 311, 206, 299, 375, 163, 372, 331, 315, 311, 302, 309]
982 3569 [127, 379, 357, 161, 337, 339, 226, 427, 204, 227, 400, 385]
983 2796 [264, 296, 166, 121, 239, 268, 180, 152, 236, 394, 190, 290]
986 3223 [191, 353, 160, 335, 153, 391, 136, 345, 153, 427, 206, 373]
984 3150 [205, 359, 117, 204, 152, 384, 332, 336, 389, 240, 284, 148]
988 2933 [242, 389, 187, 162, 280, 196, 280, 231, 125, 287, 157, 397]
979 2856 [284, 173, 355, 236, 259, 132, 204, 338, 121, 259, 271, 224]
992 3852 [314, 311, 420, 216, 383, 315, 305, 388, 326, 305, 408, 161]
987 3602 [326, 236, 352, 241, 327, 378, 396, 242, 169, 368, 163, 404]
991 3661 [291, 283, 345, 410, 186, 233, 254, 383, 292, 414, 418, 152]
993 3469 [261, 417, 324, 136, 364, 298, 374, 423, 131, 159, 408, 174]
995 3617 [352, 182, 328, 291, 249, 159, 361, 213, 426, 335, 355, 366]
996 3238 [158, 270, 379, 238, 280, 154, 165, 413, 346, 423, 234, 178]
999 2889 [146, 151, 272, 207, 222, 265, 255, 337, 383, 158, 130, 363]
1000 3268 [215, 195, 360, 319, 390, 276, 123, 326, 233, 324, 232, 275]
==========***** 2021-01-09 19:02:15 start to log *****==========
26 3095 [239, 168, 362, 278, 241, 368, 167, 388, 161, 382, 186, 155]
27 2566 [142, 263, 244, 145, 300, 139, 366, 139, 254, 263, 151, 160]
28 3348 [379, 272, 167, 284, 389, 351, 219, 161, 134, 232, 371, 389]
7 2756 [184, 370, 147, 173, 282, 125, 275, 161, 308, 129, 283, 319]
20 3168 [182, 229, 319, 241, 345, 187, 117, 178, 390, 235, 404, 341]
29 2924 [409, 363, 129, 156, 344, 250, 344, 262, 131, 195, 168, 173]
34 3076 [334, 229, 419, 277, 313, 140, 307, 235, 117, 192, 396, 117]
45 3208 [339, 167, 283, 217, 291, 414, 232, 288, 245, 206, 151, 375]
51 2967 [264, 290, 139, 227, 382, 211, 302, 240, 196, 119, 225, 372]
46 3693 [211, 379, 132, 308, 398, 352, 285, 288, 326, 295, 349, 370]
56 3033 [126, 321, 182, 207, 121, 397, 205, 119, 388, 426, 274, 267]
73 3040 [192, 239, 180, 162, 255, 308, 239, 138, 376, 224, 370, 357]
78 3534 [364, 223, 322, 350, 160, 341, 416, 290, 253, 409, 257, 149]
76 2923 [263, 135, 215, 407, 329, 152, 174, 370, 228, 258, 252, 140]
82 3000 [393, 161, 305, 170, 286, 268, 266, 287, 284, 242, 215, 123]
84 3518 [419, 348, 294, 209, 136, 143, 403, 269, 370, 297, 359, 271]
65 2845 [171, 199, 308, 345, 215, 401, 280, 179, 120, 119, 216, 292]
91 3587 [364, 410, 418, 267, 418, 153, 399, 387, 215, 296, 134, 126]
47 3738 [322, 118, 269, 307, 336, 203, 355, 228, 373, 409, 408, 410]
97 3148 [302, 321, 283, 255, 161, 182, 245, 241, 297, 387, 291, 183]
102 2979 [198, 197, 205, 297, 163, 259, 302, 167, 304, 354, 184, 349]
112 3440 [406, 400, 260, 404, 217, 185, 422, 205, 284, 171, 309, 177]
116 2837 [182, 323, 222, 237, 323, 380, 172, 182, 338, 167, 158, 153]
117 3134 [336, 297, 312, 136, 264, 263, 161, 361, 129, 257, 226, 392]
110 3338 [174, 364, 303, 185, 285, 158, 423, 143, 276, 275, 391, 361]
118 3246 [271, 144, 421, 321, 201, 205, 148, 285, 253, 246, 400, 351]
127 3495 [294, 391, 226, 384, 316, 384, 172, 332, 394, 125, 243, 234]
132 3560 [232, 211, 219, 321, 373, 421, 423, 193, 184, 390, 206, 387]
128 2916 [367, 228, 189, 391, 155, 280, 216, 286, 117, 367, 117, 203]
135 3367 [179, 175, 411, 396, 301, 132, 395, 303, 374, 177, 247, 277]
131 3128 [202, 248, 232, 131, 333, 386, 250, 406, 166, 242, 359, 173]
141 3452 [348, 369, 217, 375, 139, 146, 290, 348, 414, 304, 166, 336]
140 3708 [199, 196, 362, 398, 215, 338, 292, 294, 290, 300, 419, 405]
138 3144 [197, 246, 211, 424, 138, 258, 368, 220, 230, 331, 337, 184]
147 3569 [234, 196, 196, 401, 365, 426, 314, 167, 219, 414, 338, 299]
149 3416 [376, 152, 191, 333, 350, 161, 382, 359, 226, 377, 339, 170]
145 3200 [398, 255, 208, 321, 406, 266, 275, 138, 117, 137, 317, 362]
156 2929 [126, 192, 229, 293, 277, 386, 131, 173, 211, 310, 347, 254]
155 3582 [254, 273, 241, 393, 272, 354, 250, 366, 388, 302, 230, 259]
126 3492 [395, 172, 174, 318, 403, 246, 262, 246, 179, 324, 413, 360]
157 3283 [333, 197, 200, 332, 336, 364, 121, 252, 341, 321, 267, 219]
160 3471 [117, 352, 377, 214, 379, 413, 411, 219, 202, 227, 227, 333]
174 3226 [418, 202, 276, 260, 279, 157, 222, 316, 223, 122, 347, 404]
169 3589 [388, 401, 337, 396, 125, 419, 240, 166, 231, 133, 395, 358]
176 3586 [236, 340, 126, 218, 363, 405, 164, 342, 248, 415, 417, 312]
177 3560 [158, 416, 249, 355, 202, 288, 374, 323, 324, 356, 325, 190]
178 3942 [183, 420, 283, 267, 400, 354, 324, 233, 340, 354, 362, 422]
184 2747 [217, 198, 131, 130, 303, 350, 183, 222, 141, 157, 294, 421]
185 4017 [397, 336, 396, 319, 309, 204, 365, 207, 353, 372, 342, 417]
191 3466 [266, 264, 399, 279, 416, 427, 308, 293, 140, 152, 164, 358]
190 4044 [220, 335, 390, 137, 418, 381, 350, 360, 417, 331, 338, 367]
192 3354 [350, 338, 296, 260, 364, 143, 238, 258, 207, 340, 309, 251]
200 2887 [236, 265, 354, 168, 198, 197, 235, 219, 269, 220, 249, 277]
197 3336 [310, 301, 147, 216, 119, 309, 228, 267, 343, 307, 373, 416]
205 3487 [420, 228, 396, 290, 143, 279, 302, 276, 400, 184, 379, 190]
207 3372 [338, 246, 141, 327, 270, 387, 250, 395, 251, 424, 144, 199]
199 2875 [248, 351, 207, 194, 236, 119, 307, 248, 186, 140, 273, 366]
208 3504 [368, 128, 136, 384, 312, 349, 129, 331, 386, 386, 342, 253]
206 3591 [276, 234, 317, 264, 414, 379, 388, 426, 164, 161, 269, 299]
212 3311 [385, 220, 253, 420, 134, 411, 384, 240, 266, 328, 143, 127]
210 3468 [265, 162, 322, 392, 269, 350, 272, 268, 251, 310, 368, 239]
214 3067 [245, 358, 237, 257, 274, 259, 226, 202, 400, 256, 211, 142]
215 3547 [368, 330, 133, 362, 286, 312, 389, 387, 246, 374, 243, 117]
230 3432 [271, 251, 129, 385, 388, 314, 265, 251, 374, 305, 281, 218]
226 3200 [210, 383, 132, 356, 394, 301, 169, 177, 294, 214, 326, 244]
224 2724 [237, 187, 291, 255, 167, 140, 279, 271, 280, 117, 342, 158]
232 3158 [129, 194, 391, 201, 141, 290, 396, 238, 190, 265, 322, 401]
233 2750 [190, 163, 178, 227, 219, 353, 269, 267, 118, 344, 301, 121]
242 3027 [361, 166, 412, 206, 134, 124, 396, 223, 224, 409, 236, 136]
240 2912 [254, 142, 219, 380, 287, 141, 182, 335, 141, 190, 418, 223]
246 3234 [195, 301, 416, 143, 403, 359, 289, 251, 124, 220, 203, 330]
247 3472 [231, 377, 215, 273, 315, 241, 131, 196, 371, 372, 325, 425]
250 3323 [163, 213, 236, 409, 384, 276, 254, 385, 314, 221, 279, 189]
249 3752 [335, 419, 392, 373, 241, 250, 274, 382, 257, 392, 219, 218]
253 3089 [156, 315, 222, 424, 360, 135, 280, 272, 336, 265, 133, 191]
254 3104 [243, 256, 298, 307, 308, 262, 284, 119, 139, 390, 300, 198]
193 3452 [188, 218, 406, 212, 275, 419, 400, 368, 306, 322, 118, 220]
274 2779 [206, 128, 194, 177, 319, 380, 137, 181, 148, 255, 359, 295]
279 3461 [315, 423, 144, 319, 271, 421, 389, 207, 229, 222, 309, 212]
281 2693 [150, 246, 129, 406, 125, 251, 350, 314, 187, 192, 204, 139]
280 2908 [357, 307, 261, 164, 324, 163, 225, 165, 317, 127, 307, 191]
286 3193 [218, 375, 233, 223, 277, 357, 178, 152, 229, 338, 280, 333]
285 3354 [372, 323, 343, 117, 367, 267, 207, 365, 321, 200, 264, 208]
287 2985 [251, 371, 258, 403, 353, 132, 244, 204, 144, 232, 166, 227]
288 3488 [368, 242, 408, 401, 367, 263, 187, 332, 198, 222, 266, 234]
289 3346 [249, 231, 230, 378, 357, 337, 145, 264, 191, 285, 353, 326]
294 3242 [238, 322, 213, 132, 426, 142, 226, 406, 317, 184, 288, 348]
296 3142 [295, 301, 165, 205, 387, 125, 169, 302, 414, 407, 136, 236]
322 3344 [228, 231, 397, 201, 344, 167, 300, 345, 271, 354, 167, 339]
320 2842 [425, 152, 129, 414, 248, 284, 127, 133, 188, 150, 406, 186]
325 3555 [418, 247, 399, 350, 387, 331, 304, 200, 212, 218, 133, 356]
324 3511 [242, 318, 302, 172, 409, 311, 208, 377, 203, 226, 379, 364]
323 3070 [202, 312, 151, 230, 403, 382, 124, 150, 186, 247, 355, 328]
338 3520 [368, 310, 194, 375, 410, 226, 179, 225, 354, 395, 317, 167]
345 3173 [401, 141, 144, 342, 133, 174, 331, 400, 157, 412, 139, 399]
352 3332 [386, 134, 353, 144, 282, 288, 203, 293, 405, 129, 354, 361]
354 2668 [394, 149, 123, 375, 179, 129, 182, 173, 362, 149, 193, 260]
353 2838 [425, 270, 413, 349, 386, 137, 171, 160, 137, 149, 121, 120]
337 3507 [285, 227, 241, 204, 283, 403, 307, 173, 297, 357, 308, 422]
357 3462 [391, 287, 425, 307, 361, 268, 325, 235, 138, 292, 263, 170]
361 3291 [298, 122, 289, 271, 212, 329, 184, 202, 348, 309, 425, 302]
366 3088 [118, 183, 145, 426, 175, 168, 374, 200, 403, 305, 192, 399]
365 2590 [193, 157, 351, 159, 136, 397, 262, 156, 243, 132, 232, 172]
368 3137 [198, 388, 124, 405, 261, 169, 157, 390, 169, 409, 249, 218]
379 3068 [336, 317, 305, 377, 264, 175, 210, 353, 130, 174, 169, 258]
378 3218 [246, 261, 369, 154, 270, 282, 138, 292, 208, 256, 383, 359]
386 2965 [219, 178, 269, 134, 245, 125, 333, 360, 267, 362, 222, 251]
380 3414 [165, 427, 391, 318, 315, 290, 291, 375, 207, 196, 268, 171]
385 3252 [322, 148, 386, 340, 226, 137, 363, 396, 162, 382, 212, 178]
387 3453 [161, 217, 318, 354, 390, 174, 258, 312, 369, 309, 339, 252]
389 3535 [157, 372, 373, 421, 191, 211, 312, 372, 149, 312, 294, 371]
336 3445 [344, 353, 277, 336, 376, 292, 132, 266, 271, 318, 124, 356]
398 3083 [401, 201, 249, 230, 146, 205, 274, 311, 294, 337, 193, 242]
395 3109 [286, 217, 313, 254, 203, 396, 180, 275, 283, 190, 310, 202]
404 4039 [383, 382, 265, 369, 427, 374, 191, 376, 397, 169, 343, 363]
410 3088 [208, 297, 304, 253, 287, 201, 209, 146, 425, 319, 123, 316]
350 3363 [141, 314, 326, 117, 311, 245, 329, 169, 362, 197, 427, 425]
409 3112 [156, 413, 182, 269, 186, 360, 262, 241, 373, 187, 303, 180]
417 3166 [235, 140, 222, 280, 239, 142, 261, 272, 318, 253, 410, 394]
418 3136 [374, 156, 240, 174, 265, 374, 348, 193, 184, 293, 182, 353]
428 3174 [148, 383, 410, 208, 421, 347, 290, 228, 156, 316, 122, 145]
427 3387 [371, 395, 210, 387, 290, 183, 333, 172, 290, 402, 136, 218]
430 3554 [399, 155, 196, 325, 280, 358, 261, 417, 365, 178, 225, 395]
403 3104 [332, 359, 167, 189, 234, 270, 333, 320, 382, 176, 209, 133]
429 3056 [140, 178, 354, 253, 375, 400, 238, 175, 425, 151, 147, 220]
437 2911 [213, 311, 130, 346, 367, 285, 185, 200, 333, 119, 158, 264]
440 3337 [161, 383, 139, 374, 399, 287, 347, 207, 275, 387, 217, 161]
441 2783 [408, 245, 287, 197, 185, 252, 148, 240, 409, 126, 143, 143]
436 3318 [305, 159, 209, 242, 210, 117, 343, 307, 309, 328, 423, 366]
433 3154 [202, 147, 153, 342, 200, 406, 159, 409, 310, 306, 163, 357]
457 2922 [231, 151, 226, 128, 292, 131, 200, 311, 204, 268, 379, 401]
456 2767 [242, 266, 126, 140, 347, 259, 321, 332, 135, 200, 254, 145]
477 3944 [247, 319, 397, 345, 385, 324, 202, 384, 362, 364, 247, 368]
483 3106 [258, 317, 126, 229, 351, 187, 256, 211, 353, 419, 175, 224]
475 2918 [161, 335, 194, 272, 143, 121, 280, 325, 162, 366, 319, 240]
487 2305 [303, 126, 187, 195, 132, 162, 149, 261, 125, 326, 222, 117]
485 3406 [402, 351, 406, 146, 427, 157, 177, 174, 320, 277, 291, 278]
496 3688 [379, 398, 357, 337, 355, 163, 387, 125, 185, 338, 406, 258]
497 3130 [167, 282, 418, 175, 180, 175, 304, 341, 182, 349, 393, 164]
499 3226 [191, 329, 389, 236, 302, 142, 123, 266, 129, 413, 308, 398]
491 2885 [283, 365, 253, 118, 233, 265, 203, 260, 353, 206, 192, 154]
498 2888 [187, 347, 155, 133, 227, 206, 258, 141, 280, 322, 255, 377]
505 4103 [250, 301, 417, 426, 302, 204, 282, 419, 408, 347, 387, 360]
506 3420 [396, 175, 255, 137, 255, 340, 191, 384, 380, 384, 300, 223]
509 3592 [117, 195, 355, 246, 386, 255, 310, 406, 216, 325, 413, 368]
507 2766 [214, 333, 190, 196, 264, 156, 339, 178, 184, 161, 320, 231]
478 3608 [233, 286, 416, 292, 185, 253, 274, 394, 337, 226, 400, 312]
458 2907 [289, 140, 212, 138, 308, 361, 174, 311, 247, 196, 392, 139]
513 3469 [214, 317, 358, 396, 302, 194, 412, 302, 284, 226, 149, 315]
524 3795 [296, 208, 140, 409, 385, 290, 421, 247, 420, 306, 396, 277]
523 3390 [368, 141, 203, 141, 307, 395, 371, 207, 128, 358, 401, 370]
517 3364 [263, 399, 313, 209, 280, 387, 364, 199, 117, 381, 329, 123]
531 3408 [400, 349, 144, 311, 154, 288, 422, 294, 303, 318, 256, 169]
529 3753 [218, 311, 361, 349, 404, 309, 363, 422, 310, 244, 325, 137]
526 3501 [395, 189, 229, 224, 286, 312, 306, 415, 373, 172, 412, 188]
538 3110 [221, 226, 163, 330, 282, 340, 220, 240, 275, 320, 183, 310]
536 3011 [117, 173, 211, 389, 206, 268, 194, 378, 276, 223, 166, 410]
545 2943 [250, 162, 308, 129, 207, 213, 209, 420, 278, 120, 415, 232]
551 3527 [203, 263, 392, 210, 189, 379, 423, 349, 359, 201, 163, 396]
537 3350 [327, 300, 334, 153, 404, 422, 137, 408, 221, 118, 224, 302]
543 3617 [269, 259, 335, 422, 393, 416, 145, 266, 335, 247, 394, 136]
502 3154 [386, 313, 120, 333, 345, 137, 356, 207, 339, 191, 152, 275]
564 3178 [389, 157, 297, 143, 315, 242, 380, 312, 343, 320, 119, 161]
569 3699 [306, 364, 421, 242, 232, 292, 186, 422, 332, 345, 314, 243]
572 3499 [384, 400, 388, 211, 286, 230, 179, 228, 322, 153, 347, 371]
571 3650 [399, 350, 362, 423, 373, 274, 184, 130, 334, 371, 150, 300]
570 3365 [306, 173, 365, 415, 265, 140, 408, 290, 143, 271, 344, 245]
586 3393 [343, 125, 141, 382, 402, 379, 372, 292, 356, 166, 130, 305]
584 3935 [407, 371, 336, 300, 153, 399, 273, 413, 346, 138, 383, 416]
596 3437 [230, 312, 260, 230, 345, 358, 226, 277, 256, 410, 326, 207]
600 3625 [408, 388, 214, 253, 180, 315, 339, 280, 339, 200, 366, 343]
598 2931 [365, 140, 124, 403, 401, 365, 129, 148, 193, 188, 146, 329]
599 2907 [198, 129, 299, 178, 206, 295, 213, 246, 359, 156, 288, 340]
607 3441 [373, 383, 236, 117, 327, 425, 188, 391, 306, 419, 144, 132]
617 3318 [357, 401, 238, 238, 203, 139, 238, 181, 294, 254, 359, 416]
622 3387 [211, 406, 260, 323, 344, 225, 355, 157, 212, 349, 250, 295]
624 3338 [146, 286, 174, 240, 253, 340, 387, 223, 280, 412, 384, 213]
626 3534 [347, 381, 222, 183, 178, 357, 360, 418, 412, 328, 195, 153]
625 3233 [346, 369, 359, 392, 133, 315, 202, 117, 305, 171, 275, 249]
627 3321 [413, 132, 402, 176, 279, 220, 420, 121, 394, 371, 119, 274]
597 3333 [142, 276, 260, 276, 421, 404, 388, 354, 246, 171, 269, 126]
637 3900 [417, 347, 400, 321, 353, 366, 362, 347, 308, 347, 190, 142]
639 2641 [154, 231, 186, 184, 144, 340, 364, 249, 160, 285, 215, 129]
634 3359 [380, 294, 345, 184, 229, 321, 356, 144, 427, 125, 171, 383]
636 3086 [395, 324, 302, 250, 281, 186, 417, 124, 156, 139, 277, 235]
646 3147 [317, 255, 244, 387, 281, 230, 409, 122, 163, 225, 232, 282]
650 3012 [408, 148, 422, 368, 128, 234, 122, 235, 279, 255, 258, 155]
652 3479 [249, 200, 274, 356, 249, 420, 399, 360, 269, 304, 226, 173]
653 2936 [187, 171, 122, 182, 422, 206, 190, 139, 183, 403, 376, 355]
662 3699 [246, 168, 402, 425, 273, 392, 308, 205, 331, 241, 346, 362]
661 3326 [359, 134, 193, 165, 387, 319, 209, 420, 321, 247, 359, 213]
665 3224 [138, 269, 215, 242, 357, 366, 244, 297, 212, 403, 228, 253]
670 3262 [395, 216, 367, 345, 307, 191, 259, 133, 280, 249, 336, 184]
677 3053 [314, 145, 175, 425, 168, 331, 139, 425, 149, 133, 265, 384]
676 3076 [131, 413, 346, 206, 197, 127, 362, 189, 316, 132, 295, 362]
678 3170 [117, 143, 261, 422, 324, 221, 297, 375, 137, 343, 292, 238]
682 3251 [423, 244, 320, 117, 289, 364, 280, 133, 240, 238, 225, 378]
686 2909 [300, 248, 141, 326, 121, 174, 388, 228, 336, 204, 117, 326]
685 3368 [386, 330, 251, 240, 384, 411, 117, 142, 333, 349, 157, 268]
660 3082 [330, 140, 166, 244, 192, 241, 133, 342, 416, 186, 346, 346]
691 2926 [129, 294, 243, 269, 132, 347, 251, 263, 233, 199, 327, 239]
693 3098 [152, 392, 135, 122, 336, 369, 208, 249, 356, 420, 162, 197]
690 3044 [236, 402, 154, 347, 140, 287, 345, 145, 180, 171, 373, 264]
692 3595 [357, 148, 217, 187, 327, 409, 376, 160, 344, 401, 255, 414]
702 2896 [164, 167, 174, 370, 186, 253, 230, 309, 164, 136, 415, 328]
640 3219 [147, 298, 189, 184, 328, 421, 212, 231, 120, 346, 336, 407]
711 3230 [218, 172, 399, 255, 329, 171, 294, 401, 356, 200, 265, 170]
712 3736 [421, 362, 388, 264, 394, 131, 136, 373, 389, 376, 146, 356]
708 2985 [121, 155, 371, 234, 286, 342, 241, 281, 168, 207, 166, 413]
718 3070 [159, 369, 262, 419, 419, 142, 211, 404, 170, 201, 170, 144]
721 2793 [386, 244, 253, 220, 133, 271, 372, 166, 246, 165, 183, 154]
727 2996 [354, 307, 263, 153, 214, 322, 172, 250, 205, 285, 235, 236]
722 3302 [313, 195, 321, 355, 136, 284, 343, 318, 292, 218, 302, 225]
736 3478 [327, 410, 212, 307, 189, 422, 312, 235, 175, 426, 184, 279]
743 3125 [338, 136, 342, 389, 119, 380, 298, 319, 161, 178, 165, 300]
734 3291 [207, 144, 317, 258, 325, 159, 397, 380, 288, 392, 300, 124]
746 3226 [300, 175, 354, 427, 193, 277, 217, 366, 127, 242, 309, 239]
749 2781 [170, 332, 376, 205, 152, 336, 156, 273, 215, 147, 171, 248]
754 3104 [343, 359, 418, 359, 147, 251, 238, 236, 171, 188, 159, 235]
752 3123 [272, 344, 183, 146, 203, 278, 256, 352, 307, 177, 246, 359]
763 2941 [255, 126, 398, 154, 184, 330, 144, 324, 122, 182, 409, 313]
766 3602 [366, 212, 126, 263, 408, 310, 366, 287, 318, 313, 403, 230]
771 2818 [333, 395, 161, 316, 150, 191, 360, 258, 200, 129, 167, 158]
784 2836 [397, 227, 168, 137, 150, 138, 138, 412, 151, 381, 220, 317]
779 3072 [167, 375, 161, 226, 125, 220, 301, 331, 191, 280, 421, 274]
781 3018 [353, 273, 401, 117, 149, 304, 151, 343, 394, 123, 153, 257]
783 3202 [175, 213, 350, 322, 296, 244, 344, 325, 246, 155, 390, 142]
810 2837 [246, 371, 237, 182, 202, 332, 226, 173, 133, 153, 227, 355]
800 3467 [350, 259, 256, 386, 333, 409, 226, 157, 364, 170, 336, 221]
801 3320 [289, 409, 387, 163, 168, 185, 312, 192, 289, 390, 187, 349]
809 3091 [180, 293, 346, 309, 176, 285, 156, 352, 371, 178, 230, 215]
806 3060 [386, 190, 154, 183, 381, 186, 348, 198, 261, 136, 386, 251]
841 2865 [142, 330, 126, 326, 220, 272, 319, 333, 150, 288, 230, 129]
836 3449 [233, 257, 427, 288, 321, 246, 287, 236, 387, 263, 151, 353]
848 3432 [204, 225, 317, 356, 176, 426, 270, 193, 302, 279, 361, 323]
826 3310 [179, 277, 387, 299, 366, 409, 166, 383, 165, 208, 226, 245]
857 2849 [254, 194, 205, 397, 144, 375, 134, 417, 228, 222, 154, 125]
854 3336 [286, 208, 366, 378, 249, 128, 117, 312, 305, 184, 419, 384]
855 3075 [294, 300, 193, 188, 423, 300, 292, 143, 178, 244, 267, 253]
861 3266 [257, 360, 378, 170, 424, 134, 219, 310, 287, 147, 296, 284]
860 3391 [209, 266, 323, 268, 154, 380, 365, 196, 405, 254, 366, 205]
870 3209 [281, 204, 393, 119, 328, 383, 132, 266, 358, 157, 238, 350]
878 3514 [156, 218, 175, 384, 416, 370, 387, 358, 276, 210, 405, 159]
877 3358 [276, 171, 244, 191, 337, 420, 394, 127, 370, 311, 313, 204]
871 3119 [411, 353, 342, 217, 131, 186, 178, 384, 170, 187, 240, 320]
893 3112 [261, 228, 337, 207, 143, 230, 372, 425, 172, 172, 201, 364]
886 3721 [268, 136, 355, 396, 195, 173, 399, 396, 353, 314, 337, 399]
892 3697 [423, 174, 353, 134, 224, 399, 244, 198, 377, 353, 414, 404]
890 3561 [222, 246, 270, 426, 161, 410, 205, 293, 268, 418, 227, 415]
914 3202 [258, 289, 424, 262, 168, 237, 162, 302, 278, 214, 291, 317]
943 3429 [374, 427, 211, 293, 176, 308, 140, 217, 394, 333, 257, 299]
951 3373 [128, 337, 403, 263, 384, 380, 234, 146, 171, 284, 398, 245]
945 3729 [411, 396, 356, 191, 197, 277, 145, 373, 405, 326, 250, 402]
939 3378 [233, 238, 408, 332, 391, 145, 133, 408, 300, 287, 186, 317]
953 3276 [381, 268, 417, 171, 396, 139, 261, 127, 269, 268, 198, 381]
978 3010 [199, 192, 197, 223, 172, 387, 393, 157, 385, 241, 120, 344]
944 2909 [173, 191, 409, 296, 339, 221, 194, 137, 250, 253, 214, 232]
989 3174 [350, 337, 382, 131, 143, 294, 225, 392, 227, 201, 194, 298]
997 3568 [372, 141, 340, 227, 196, 373, 247, 359, 163, 344, 388, 418]
994 2794 [239, 138, 240, 241, 159, 378, 206, 263, 273, 292, 204, 161]
998 3235 [317, 178, 201, 320, 271, 283, 232, 353, 182, 162, 328, 408]
976 3111 [243, 315, 239, 252, 321, 134, 123, 121, 381, 311, 263, 408]
977 3319 [173, 235, 275, 240, 296, 385, 328, 308, 333, 117, 325, 304]
==========***** 2021-01-09 19:14:29 start to log *****==========
35 3528 [214, 398, 155, 380, 400, 182, 406, 368, 287, 385, 226, 127]
38 3120 [233, 142, 340, 168, 287, 380, 305, 398, 147, 316, 201, 203]
36 3504 [371, 371, 202, 395, 404, 242, 273, 220, 270, 206, 344, 206]
60 3184 [149, 388, 196, 198, 206, 337, 426, 141, 270, 384, 180, 309]
48 2717 [148, 231, 160, 132, 262, 316, 289, 204, 236, 137, 355, 247]
59 3054 [287, 148, 269, 142, 421, 245, 217, 224, 205, 345, 335, 216]
37 3361 [181, 382, 133, 387, 248, 137, 366, 320, 156, 392, 427, 232]
44 3509 [385, 304, 402, 272, 379, 289, 123, 350, 325, 284, 209, 187]
66 3475 [325, 301, 223, 357, 349, 195, 264, 376, 313, 148, 353, 271]
63 3054 [287, 225, 136, 168, 128, 193, 173, 310, 358, 409, 351, 316]
109 3759 [384, 317, 402, 260, 413, 292, 419, 117, 246, 200, 339, 370]
95 3700 [358, 298, 302, 218, 218, 424, 300, 411, 229, 338, 299, 305]
108 3131 [160, 297, 423, 202, 188, 173, 226, 304, 367, 385, 121, 285]
96 3297 [327, 375, 241, 348, 310, 237, 117, 243, 387, 346, 184, 182]
124 3412 [280, 249, 156, 340, 314, 188, 380, 298, 374, 151, 324, 358]
146 2898 [322, 212, 203, 247, 163, 303, 264, 133, 237, 263, 346, 205]
159 3215 [351, 269, 223, 203, 145, 288, 306, 245, 185, 251, 389, 360]
172 3789 [416, 285, 162, 303, 331, 414, 209, 309, 294, 387, 362, 317]
166 3888 [426, 192, 426, 119, 351, 137, 371, 289, 405, 407, 392, 373]
201 3136 [201, 385, 316, 243, 337, 220, 209, 276, 232, 126, 182, 409]
189 3216 [331, 249, 234, 420, 138, 328, 271, 206, 125, 304, 288, 322]
188 3358 [345, 236, 358, 290, 255, 171, 162, 425, 126, 357, 312, 321]
162 3391 [388, 170, 125, 273, 421, 187, 309, 301, 225, 318, 352, 322]
198 3163 [274, 333, 288, 359, 193, 169, 182, 214, 406, 125, 208, 412]
202 3321 [227, 251, 338, 253, 418, 342, 132, 294, 265, 279, 173, 349]
209 3169 [160, 275, 129, 417, 136, 353, 252, 336, 352, 264, 174, 321]
260 3364 [275, 222, 257, 259, 227, 372, 274, 367, 191, 205, 363, 352]
256 2859 [195, 177, 124, 268, 183, 224, 249, 374, 234, 362, 300, 169]
241 3495 [354, 262, 302, 191, 358, 368, 178, 192, 313, 389, 276, 312]
248 3692 [280, 334, 421, 335, 323, 190, 427, 152, 226, 344, 377, 283]
283 3464 [416, 129, 399, 259, 121, 325, 246, 382, 228, 363, 209, 387]
282 3423 [349, 335, 153, 388, 227, 351, 303, 318, 172, 163, 253, 411]
273 3673 [151, 299, 311, 336, 391, 194, 204, 299, 417, 344, 404, 323]
275 2784 [334, 164, 253, 165, 289, 117, 144, 395, 352, 175, 166, 230]
318 3550 [391, 209, 236, 320, 159, 276, 281, 350, 302, 423, 374, 229]
326 3705 [395, 373, 142, 208, 360, 411, 241, 211, 335, 325, 378, 326]
313 3257 [219, 282, 252, 163, 329, 154, 391, 346, 298, 248, 339, 236]
359 3518 [131, 406, 184, 393, 194, 269, 415, 376, 299, 284, 171, 396]
330 3515 [175, 299, 330, 305, 325, 273, 236, 266, 356, 261, 341, 348]
334 3149 [145, 150, 179, 350, 247, 128, 388, 408, 360, 196, 188, 410]
392 2925 [243, 353, 297, 160, 149, 286, 183, 335, 296, 120, 310, 193]
360 3684 [305, 192, 400, 350, 379, 419, 364, 230, 146, 343, 264, 292]
402 3407 [382, 137, 176, 209, 287, 150, 324, 286, 373, 334, 368, 381]
412 2806 [262, 147, 213, 117, 200, 132, 273, 396, 319, 168, 270, 309]
413 3761 [406, 407, 287, 238, 332, 141, 427, 354, 415, 392, 124, 238]
422 3650 [406, 391, 367, 297, 250, 406, 338, 158, 212, 247, 224, 354]
442 3352 [260, 326, 298, 227, 351, 356, 317, 149, 202, 420, 222, 224]
423 2974 [147, 235, 188, 163, 203, 334, 341, 171, 408, 321, 240, 223]
432 3565 [197, 363, 424, 119, 357, 336, 185, 344, 264, 276, 411, 289]
411 3330 [354, 152, 368, 173, 293, 266, 201, 334, 231, 201, 412, 345]
449 3890 [264, 385, 421, 286, 305, 331, 126, 363, 365, 406, 391, 247]
454 3430 [388, 310, 378, 183, 407, 286, 311, 275, 190, 198, 323, 181]
450 2977 [197, 352, 352, 131, 337, 377, 130, 188, 119, 289, 136, 369]
470 3628 [344, 277, 131, 307, 376, 163, 230, 334, 420, 368, 305, 373]
490 3157 [205, 263, 307, 377, 308, 381, 240, 139, 296, 143, 342, 156]
484 3103 [151, 135, 252, 322, 242, 393, 221, 270, 368, 171, 298, 280]
466 3756 [422, 137, 267, 310, 419, 284, 304, 384, 303, 246, 414, 266]
472 3376 [378, 185, 251, 190, 337, 273, 204, 350, 353, 316, 343, 196]
525 3288 [229, 293, 410, 238, 296, 219, 289, 325, 350, 131, 345, 163]
514 3360 [201, 317, 277, 418, 412, 380, 170, 405, 125, 242, 213, 200]
516 2901 [164, 227, 170, 257, 128, 360, 350, 214, 166, 200, 402, 263]
510 3256 [317, 121, 279, 127, 141, 399, 227, 357, 393, 217, 302, 376]
530 3514 [400, 323, 192, 261, 330, 250, 399, 215, 187, 418, 396, 143]
553 2892 [361, 140, 221, 142, 346, 121, 146, 243, 262, 305, 375, 230]
533 2904 [337, 137, 143, 278, 320, 389, 135, 137, 284, 273, 189, 282]
552 2795 [157, 138, 309, 165, 170, 191, 306, 290, 267, 278, 263, 261]
515 3473 [256, 375, 164, 180, 421, 413, 237, 351, 395, 136, 231, 314]
563 3638 [255, 221, 334, 322, 416, 419, 219, 264, 185, 408, 336, 259]
577 3266 [218, 375, 316, 240, 217, 123, 189, 283, 306, 281, 417, 301]
559 2870 [134, 318, 201, 216, 224, 411, 260, 156, 149, 360, 269, 172]
580 2734 [124, 309, 198, 231, 218, 121, 201, 210, 194, 261, 409, 258]
588 3412 [175, 276, 379, 404, 266, 210, 214, 267, 170, 370, 385, 296]
582 3297 [425, 214, 147, 223, 382, 213, 308, 396, 200, 181, 248, 360]
590 2882 [211, 243, 243, 226, 118, 343, 207, 195, 303, 172, 198, 423]
605 3802 [351, 378, 369, 219, 357, 130, 197, 174, 421, 424, 410, 372]
615 3004 [221, 138, 176, 168, 257, 420, 396, 244, 210, 368, 196, 210]
608 3489 [395, 295, 415, 126, 291, 187, 398, 379, 273, 279, 291, 160]
606 3318 [275, 336, 262, 273, 415, 165, 293, 158, 263, 224, 423, 231]
630 3399 [331, 330, 167, 407, 161, 276, 388, 369, 238, 365, 246, 121]
616 3114 [373, 294, 241, 327, 339, 121, 426, 170, 295, 158, 168, 202]
643 3616 [397, 117, 364, 341, 282, 299, 284, 320, 386, 339, 125, 362]
562 3337 [333, 131, 166, 269, 339, 252, 333, 302, 119, 380, 422, 291]
644 2981 [169, 131, 327, 205, 156, 344, 392, 306, 221, 364, 155, 211]
633 3383 [178, 328, 263, 268, 153, 253, 295, 283, 353, 327, 355, 327]
645 2971 [391, 142, 286, 361, 385, 318, 187, 183, 229, 158, 184, 147]
658 3260 [196, 213, 344, 318, 180, 414, 204, 182, 325, 277, 199, 408]
671 3562 [418, 394, 305, 413, 323, 423, 297, 144, 229, 145, 354, 117]
631 3710 [342, 379, 349, 329, 379, 243, 424, 182, 248, 366, 124, 345]
704 3241 [129, 375, 412, 193, 373, 264, 364, 400, 159, 139, 309, 124]
703 3111 [232, 195, 217, 268, 199, 161, 175, 309, 387, 426, 310, 232]
696 3333 [385, 120, 419, 396, 182, 164, 413, 310, 284, 131, 316, 213]
724 3664 [340, 218, 382, 367, 339, 423, 261, 290, 178, 258, 336, 272]
709 3462 [284, 362, 142, 381, 350, 323, 312, 189, 395, 251, 176, 297]
705 3366 [221, 228, 309, 416, 272, 329, 286, 396, 162, 323, 158, 266]
719 3536 [220, 282, 370, 126, 253, 214, 414, 299, 420, 358, 327, 253]
725 3028 [341, 189, 208, 167, 293, 218, 352, 140, 203, 420, 312, 185]
717 3001 [180, 129, 267, 336, 223, 414, 322, 196, 371, 202, 185, 176]
744 2775 [246, 325, 168, 199, 186, 381, 283, 152, 146, 206, 219, 264]
756 3058 [234, 210, 367, 271, 285, 299, 232, 126, 221, 129, 308, 376]
759 3356 [240, 202, 425, 264, 338, 422, 235, 166, 340, 299, 178, 247]
770 3363 [144, 340, 181, 306, 117, 389, 241, 320, 347, 251, 405, 322]
776 3299 [371, 276, 168, 366, 246, 302, 259, 256, 260, 171, 269, 355]
785 2741 [225, 238, 279, 196, 269, 124, 150, 326, 340, 146, 301, 147]
792 3073 [368, 157, 289, 379, 287, 274, 232, 192, 250, 174, 333, 138]
814 2789 [217, 230, 238, 364, 315, 221, 188, 188, 119, 207, 208, 294]
815 3702 [293, 378, 252, 347, 379, 320, 338, 213, 358, 390, 315, 119]
822 3521 [375, 340, 216, 393, 365, 196, 259, 231, 384, 182, 331, 249]
823 3496 [380, 161, 327, 240, 250, 341, 412, 249, 184, 359, 390, 203]
767 3448 [219, 227, 400, 234, 298, 197, 250, 359, 353, 201, 416, 294]
837 3153 [319, 272, 157, 381, 138, 360, 143, 126, 352, 149, 420, 336]
843 3587 [406, 124, 323, 277, 323, 385, 348, 283, 354, 120, 310, 334]
850 2941 [218, 259, 265, 292, 222, 314, 370, 179, 146, 360, 132, 184]
842 3797 [204, 294, 318, 330, 146, 390, 413, 425, 305, 295, 363, 314]
852 3456 [224, 371, 301, 166, 373, 266, 373, 168, 414, 148, 318, 334]
858 3401 [298, 221, 193, 219, 385, 160, 391, 134, 418, 371, 380, 231]
816 3164 [409, 212, 152, 286, 214, 295, 142, 258, 300, 292, 209, 395]
849 3504 [224, 396, 171, 272, 419, 144, 203, 317, 406, 355, 290, 307]
862 2801 [347, 169, 255, 315, 134, 236, 335, 301, 118, 247, 176, 168]
863 3605 [410, 225, 393, 190, 343, 216, 242, 345, 263, 379, 276, 323]
864 3096 [246, 214, 156, 126, 410, 213, 288, 194, 168, 375, 330, 376]
868 2930 [333, 129, 177, 271, 174, 257, 329, 142, 247, 166, 412, 293]
866 3621 [218, 325, 389, 354, 365, 348, 403, 405, 394, 123, 141, 156]
882 2795 [168, 125, 152, 335, 256, 169, 364, 355, 128, 136, 249, 358]
859 3507 [143, 424, 229, 394, 427, 409, 289, 233, 281, 199, 177, 302]
885 3313 [299, 337, 290, 287, 417, 188, 365, 209, 344, 145, 222, 210]
884 2975 [117, 329, 174, 265, 278, 331, 187, 202, 207, 355, 130, 400]
851 3149 [300, 239, 350, 233, 246, 228, 223, 199, 153, 389, 330, 259]
899 3573 [290, 331, 284, 422, 361, 407, 158, 329, 311, 255, 274, 151]
876 3481 [221, 185, 423, 341, 182, 386, 347, 250, 219, 328, 396, 203]
900 2820 [410, 324, 180, 156, 127, 356, 259, 121, 207, 143, 276, 261]
924 3132 [381, 374, 262, 190, 421, 249, 286, 147, 155, 319, 224, 124]
916 3324 [231, 397, 363, 163, 219, 389, 193, 278, 223, 356, 335, 177]
926 2581 [133, 131, 127, 174, 250, 178, 321, 417, 279, 280, 162, 129]
935 3070 [359, 415, 298, 140, 144, 303, 275, 327, 137, 357, 160, 155]
936 3692 [297, 359, 254, 393, 293, 315, 210, 128, 399, 338, 338, 368]
835 3041 [295, 420, 120, 141, 147, 315, 156, 223, 347, 260, 359, 258]
967 3314 [119, 290, 415, 352, 166, 269, 385, 122, 282, 345, 219, 350]
990 3306 [155, 361, 234, 248, 416, 234, 348, 158, 244, 377, 413, 118]
966 3389 [379, 311, 249, 127, 340, 145, 266, 326, 259, 241, 408, 338]
934 3805 [345, 396, 257, 384, 126, 391, 370, 226, 359, 357, 183, 411]
985 3128 [184, 136, 143, 296, 272, 359, 201, 372, 126, 388, 308, 343]
==========***** 2021-01-09 19:36:27 start to log *****==========
86 3287 [244, 122, 135, 386, 298, 161, 352, 303, 263, 349, 278, 396]
87 2939 [150, 292, 251, 417, 344, 191, 168, 193, 130, 256, 279, 268]
74 3085 [157, 215, 320, 291, 332, 412, 152, 159, 319, 204, 181, 343]
75 2770 [159, 317, 371, 256, 125, 140, 170, 427, 171, 121, 344, 169]
104 3641 [427, 318, 258, 402, 198, 282, 316, 344, 223, 301, 188, 384]
111 3594 [320, 119, 251, 370, 353, 279, 397, 380, 329, 253, 351, 192]
123 2745 [238, 117, 236, 130, 233, 285, 157, 352, 147, 294, 409, 147]
139 2943 [233, 276, 213, 262, 381, 175, 246, 194, 376, 135, 197, 255]
119 3702 [318, 158, 331, 395, 403, 404, 389, 362, 218, 262, 235, 227]
125 3344 [219, 320, 154, 226, 338, 337, 303, 241, 415, 165, 392, 234]
148 3189 [255, 200, 162, 159, 408, 350, 394, 251, 232, 345, 162, 271]
182 3364 [143, 421, 386, 238, 262, 186, 248, 154, 401, 346, 305, 274]
183 3404 [169, 246, 296, 280, 332, 253, 133, 245, 312, 354, 358, 426]
213 3311 [190, 180, 290, 376, 164, 361, 184, 367, 293, 228, 287, 391]
216 3502 [387, 350, 394, 301, 176, 118, 373, 351, 204, 248, 312, 288]
223 3424 [239, 209, 341, 131, 290, 379, 399, 362, 257, 395, 237, 185]
175 3036 [364, 426, 151, 207, 219, 265, 338, 216, 303, 204, 214, 129]
264 3123 [127, 241, 306, 180, 412, 222, 163, 137, 401, 165, 369, 400]
262 3608 [390, 199, 388, 174, 319, 310, 387, 358, 279, 132, 351, 321]
266 3348 [322, 138, 331, 298, 404, 380, 163, 421, 262, 243, 266, 120]
284 2977 [297, 230, 172, 153, 250, 393, 210, 309, 262, 202, 209, 290]
290 3233 [120, 303, 207, 391, 394, 221, 288, 122, 332, 176, 277, 402]
267 3088 [287, 272, 182, 265, 373, 318, 174, 237, 272, 154, 261, 293]
293 3199 [388, 212, 244, 125, 358, 395, 226, 269, 382, 126, 136, 338]
295 3555 [127, 367, 298, 423, 401, 157, 390, 227, 282, 191, 301, 391]
239 3606 [250, 325, 311, 303, 150, 396, 322, 383, 215, 413, 228, 310]
328 2967 [390, 148, 119, 301, 259, 183, 194, 316, 328, 404, 119, 206]
299 3293 [391, 322, 192, 328, 181, 135, 259, 315, 421, 361, 188, 200]
309 3305 [327, 404, 263, 125, 308, 360, 262, 260, 237, 258, 354, 147]
332 3202 [128, 367, 192, 359, 322, 297, 351, 267, 165, 283, 239, 232]
393 3520 [191, 157, 189, 287, 305, 400, 405, 399, 377, 344, 135, 331]
431 3222 [219, 282, 335, 253, 328, 356, 373, 121, 191, 177, 237, 350]
448 3231 [300, 183, 382, 250, 217, 218, 282, 178, 169, 327, 401, 324]
121 2805 [327, 287, 292, 156, 234, 212, 275, 340, 198, 170, 170, 144]
445 3369 [187, 263, 346, 361, 246, 241, 353, 377, 157, 314, 215, 309]
480 3268 [378, 300, 337, 245, 227, 136, 137, 304, 407, 165, 218, 414]
500 3136 [322, 338, 307, 143, 316, 264, 214, 198, 247, 162, 220, 405]
501 2411 [131, 165, 205, 406, 123, 222, 230, 152, 219, 187, 185, 186]
508 3343 [356, 391, 295, 166, 121, 175, 322, 401, 368, 320, 266, 162]
555 3412 [288, 245, 226, 424, 189, 332, 151, 390, 271, 251, 267, 378]
581 3514 [174, 228, 204, 241, 394, 240, 420, 378, 404, 191, 332, 308]
579 3038 [192, 353, 125, 373, 245, 409, 153, 264, 299, 359, 148, 118]
587 3428 [210, 193, 321, 154, 419, 235, 422, 263, 234, 261, 350, 366]
558 3581 [171, 333, 256, 178, 426, 313, 227, 397, 312, 178, 374, 416]
592 3898 [219, 314, 427, 252, 187, 381, 410, 422, 419, 386, 217, 264]
619 2847 [163, 199, 276, 265, 270, 226, 337, 264, 278, 202, 186, 181]
635 3319 [364, 412, 129, 373, 163, 378, 181, 332, 175, 286, 232, 294]
329 3851 [395, 177, 408, 339, 220, 182, 423, 204, 383, 333, 416, 371]
654 3230 [301, 291, 270, 346, 298, 240, 134, 299, 323, 303, 182, 243]
657 3935 [312, 353, 370, 294, 336, 394, 201, 351, 298, 403, 414, 209]
651 3368 [221, 388, 325, 250, 353, 197, 174, 342, 257, 250, 327, 284]
642 2636 [243, 373, 137, 138, 177, 119, 360, 188, 238, 284, 155, 224]
669 3513 [423, 222, 378, 420, 348, 399, 398, 146, 147, 182, 286, 164]
688 2890 [387, 204, 398, 128, 152, 407, 228, 203, 205, 152, 270, 156]
679 2680 [151, 229, 226, 139, 175, 131, 290, 330, 197, 257, 214, 341]
713 3133 [367, 119, 263, 172, 299, 217, 236, 394, 136, 212, 372, 346]
710 2794 [388, 120, 363, 150, 235, 149, 121, 202, 399, 157, 146, 364]
733 3159 [160, 328, 321, 423, 138, 288, 139, 375, 303, 362, 127, 195]
742 3721 [330, 372, 392, 256, 241, 412, 407, 399, 292, 347, 151, 122]
726 3775 [393, 397, 284, 241, 235, 315, 296, 281, 347, 306, 321, 359]
751 3291 [145, 242, 313, 222, 371, 245, 202, 194, 332, 361, 329, 335]
731 3625 [375, 294, 250, 407, 169, 329, 195, 200, 396, 376, 363, 271]
769 3618 [347, 397, 338, 282, 306, 189, 282, 312, 387, 340, 301, 137]
796 3480 [281, 296, 190, 149, 292, 425, 402, 372, 239, 193, 284, 357]
799 3523 [196, 376, 370, 330, 421, 313, 328, 196, 168, 387, 182, 256]
760 3350 [241, 138, 424, 241, 393, 379, 181, 211, 300, 224, 283, 335]
618 3630 [426, 359, 301, 342, 162, 244, 140, 396, 287, 382, 219, 372]
765 3120 [363, 217, 309, 158, 191, 220, 229, 149, 295, 378, 418, 193]
811 3727 [372, 128, 410, 279, 283, 359, 356, 388, 293, 324, 237, 298]
824 3464 [284, 362, 286, 266, 366, 418, 193, 129, 380, 255, 307, 218]
891 2948 [298, 262, 153, 149, 203, 395, 351, 289, 222, 166, 291, 169]
937 3238 [163, 195, 360, 405, 367, 146, 305, 294, 184, 371, 319, 129]
827 3078 [227, 208, 193, 120, 381, 285, 394, 264, 315, 152, 117, 422]
964 3002 [189, 259, 149, 154, 228, 180, 382, 400, 247, 368, 199, 247]
959 3456 [202, 398, 302, 339, 241, 193, 265, 169, 403, 407, 188, 349]
954 3379 [307, 307, 286, 343, 131, 248, 242, 237, 308, 280, 387, 303]
==========***** 2021-01-09 19:37:10 start to log *****==========
231 3359 [236, 367, 282, 376, 181, 141, 314, 125, 369, 377, 199, 392]
167 3875 [407, 310, 426, 404, 365, 321, 140, 303, 418, 219, 393, 169]
153 3522 [402, 346, 309, 295, 345, 329, 339, 132, 381, 355, 127, 162]
154 3006 [412, 147, 425, 348, 177, 243, 193, 272, 117, 272, 162, 238]
268 3532 [370, 201, 382, 321, 250, 189, 340, 144, 409, 278, 397, 251]
394 3243 [118, 425, 285, 252, 356, 401, 214, 308, 152, 300, 249, 183]
414 3340 [183, 300, 146, 295, 386, 273, 284, 401, 329, 362, 249, 132]
399 2901 [260, 292, 348, 318, 203, 157, 182, 337, 118, 229, 322, 135]
589 3269 [222, 138, 212, 271, 191, 130, 380, 383, 373, 280, 381, 308]
557 3400 [338, 175, 193, 249, 300, 254, 394, 202, 362, 395, 329, 209]
829 3562 [264, 235, 256, 395, 367, 228, 363, 354, 128, 388, 205, 379]
812 2608 [206, 360, 169, 307, 138, 275, 123, 211, 144, 172, 336, 167]
==========***** 2021-01-09 19:37:23 start to log *****==========
716 3120 [320, 408, 262, 277, 187, 174, 277, 221, 360, 195, 135, 304]
735 3640 [363, 404, 420, 191, 221, 339, 367, 303, 187, 311, 280, 254]
897 2915 [249, 159, 156, 277, 148, 305, 337, 372, 159, 193, 265, 295]
903 3301 [240, 426, 287, 247, 167, 195, 278, 224, 426, 398, 150, 263]
641 3542 [243, 199, 346, 255, 253, 374, 170, 345, 250, 320, 421, 366]
762 2771 [190, 185, 234, 350, 286, 148, 161, 383, 258, 140, 222, 214]
