==========***** 2021-01-10 09:51:21 start to log *****==========
5 3313 [371, 432, 312, 230, 303, 171, 148, 171, 186, 295, 295, 399]
3 3306 [142, 166, 417, 231, 163, 245, 180, 297, 421, 384, 347, 313]
2 2841 [286, 179, 151, 250, 421, 205, 255, 162, 284, 311, 139, 198]
1 3401 [430, 228, 436, 171, 277, 288, 441, 352, 163, 227, 256, 132]
4 3423 [337, 308, 231, 177, 338, 320, 215, 367, 276, 152, 431, 271]
6 3333 [297, 213, 373, 161, 423, 178, 357, 342, 343, 181, 270, 195]
7 3505 [377, 235, 278, 424, 151, 407, 218, 402, 287, 183, 231, 312]
9 3402 [254, 356, 422, 153, 358, 305, 170, 218, 366, 180, 307, 313]
8 3485 [320, 149, 393, 435, 135, 322, 260, 409, 258, 206, 414, 184]
10 4076 [418, 436, 294, 355, 421, 387, 274, 234, 387, 366, 189, 315]
11 3129 [178, 206, 353, 174, 220, 131, 350, 410, 288, 323, 310, 186]
14 2880 [206, 192, 239, 208, 359, 386, 222, 281, 286, 160, 143, 198]
13 2848 [161, 213, 307, 218, 272, 157, 234, 233, 284, 186, 195, 388]
12 3227 [434, 224, 256, 257, 178, 355, 220, 197, 159, 209, 320, 418]
16 3289 [131, 255, 149, 373, 234, 406, 400, 314, 307, 153, 432, 135]
15 3333 [439, 403, 300, 245, 169, 155, 174, 368, 304, 246, 342, 188]
17 2710 [163, 303, 162, 142, 189, 226, 337, 276, 181, 277, 210, 244]
18 3488 [325, 433, 157, 241, 322, 208, 306, 176, 304, 297, 349, 370]
19 3598 [163, 408, 266, 159, 432, 266, 218, 295, 405, 267, 423, 296]
20 4160 [296, 374, 424, 360, 382, 432, 423, 416, 150, 295, 412, 196]
21 3413 [438, 398, 314, 131, 207, 374, 214, 138, 148, 232, 436, 383]
23 3619 [338, 271, 268, 158, 287, 397, 399, 381, 166, 331, 388, 235]
22 3148 [142, 234, 205, 351, 174, 395, 231, 188, 329, 217, 325, 357]
24 4083 [359, 385, 300, 371, 424, 185, 271, 425, 249, 393, 410, 311]
26 3346 [422, 213, 292, 222, 373, 243, 437, 211, 178, 261, 266, 228]
25 3442 [183, 423, 307, 217, 338, 286, 440, 285, 237, 155, 208, 363]
29 3436 [195, 372, 269, 254, 247, 276, 281, 435, 406, 226, 245, 230]
28 3630 [435, 224, 251, 187, 164, 354, 385, 366, 417, 195, 339, 313]
27 3976 [249, 305, 335, 262, 371, 436, 313, 408, 375, 333, 439, 150]
30 3091 [255, 289, 209, 139, 216, 193, 294, 411, 141, 417, 291, 236]
31 3489 [238, 221, 159, 273, 413, 386, 279, 339, 179, 437, 158, 407]
34 3535 [408, 284, 142, 177, 164, 417, 272, 289, 290, 275, 436, 381]
32 3317 [275, 139, 208, 402, 382, 146, 297, 202, 317, 318, 310, 321]
33 3209 [140, 133, 320, 325, 364, 355, 284, 156, 280, 276, 283, 293]
35 3108 [201, 377, 376, 131, 257, 131, 255, 353, 157, 312, 131, 427]
36 4043 [262, 428, 374, 301, 385, 344, 424, 142, 319, 403, 251, 410]
37 3234 [430, 287, 154, 183, 360, 136, 426, 154, 278, 420, 167, 239]
39 3339 [169, 391, 337, 184, 296, 162, 199, 359, 250, 369, 411, 212]
38 3643 [324, 221, 184, 173, 359, 324, 339, 316, 356, 272, 440, 335]
40 2988 [287, 230, 246, 256, 280, 165, 339, 326, 296, 152, 177, 234]
41 3343 [295, 297, 243, 190, 226, 423, 208, 332, 362, 290, 298, 179]
44 3422 [421, 310, 377, 207, 327, 187, 435, 135, 404, 199, 160, 260]
43 3315 [144, 233, 308, 295, 182, 338, 194, 404, 387, 223, 241, 366]
42 3666 [233, 420, 310, 330, 131, 428, 281, 383, 190, 405, 175, 380]
45 3439 [305, 201, 415, 293, 320, 355, 227, 233, 381, 398, 147, 164]
46 4147 [343, 410, 391, 419, 309, 269, 306, 256, 439, 406, 206, 393]
49 3736 [245, 259, 375, 180, 410, 362, 361, 153, 205, 436, 416, 334]
48 3743 [238, 131, 215, 310, 406, 403, 320, 409, 435, 168, 269, 439]
47 2650 [369, 193, 182, 193, 251, 136, 183, 205, 378, 205, 184, 171]
51 3350 [156, 432, 204, 195, 386, 264, 290, 238, 152, 351, 270, 412]
50 3548 [131, 323, 426, 359, 248, 221, 290, 319, 284, 267, 384, 296]
54 3357 [357, 240, 227, 257, 410, 166, 290, 183, 249, 354, 258, 366]
53 3416 [394, 157, 296, 212, 429, 300, 299, 185, 382, 244, 145, 373]
52 3474 [269, 266, 405, 255, 222, 407, 336, 309, 158, 320, 192, 335]
56 3632 [435, 370, 247, 233, 338, 436, 139, 217, 422, 317, 185, 293]
55 3449 [141, 192, 231, 429, 429, 160, 376, 345, 292, 350, 274, 230]
57 3264 [200, 258, 202, 332, 434, 302, 164, 325, 284, 175, 213, 375]
59 3388 [321, 221, 277, 322, 316, 378, 389, 208, 209, 173, 414, 160]
58 3520 [215, 339, 323, 230, 304, 262, 379, 203, 230, 370, 224, 441]
60 2755 [187, 164, 343, 266, 210, 341, 354, 162, 138, 289, 147, 154]
61 3608 [263, 416, 366, 260, 430, 367, 229, 296, 189, 277, 233, 282]
63 3256 [133, 295, 142, 217, 182, 345, 301, 276, 407, 271, 332, 355]
64 3505 [430, 274, 317, 273, 268, 254, 270, 160, 431, 198, 374, 256]
62 3378 [287, 327, 322, 244, 306, 181, 306, 368, 175, 367, 218, 277]
65 3025 [302, 312, 229, 274, 333, 364, 293, 177, 182, 136, 215, 208]
66 3799 [163, 301, 427, 280, 406, 296, 399, 255, 227, 328, 355, 362]
67 2875 [351, 408, 204, 173, 138, 204, 213, 283, 302, 184, 177, 238]
68 3116 [229, 348, 389, 183, 286, 172, 131, 249, 324, 183, 362, 260]
69 3285 [393, 383, 181, 434, 298, 239, 313, 151, 201, 384, 176, 132]
70 3897 [301, 370, 289, 234, 302, 425, 152, 377, 389, 309, 329, 420]
71 3144 [145, 423, 321, 370, 356, 137, 327, 194, 328, 152, 199, 192]
74 2984 [173, 135, 325, 396, 131, 148, 198, 273, 342, 212, 351, 300]
73 3774 [284, 421, 224, 369, 252, 391, 402, 137, 381, 277, 413, 223]
72 3467 [282, 228, 371, 199, 203, 426, 173, 281, 156, 362, 359, 427]
76 3035 [203, 216, 265, 244, 181, 212, 335, 401, 264, 281, 267, 166]
75 3373 [336, 325, 332, 139, 207, 229, 219, 192, 376, 293, 373, 352]
78 3303 [298, 163, 206, 361, 251, 417, 352, 292, 299, 157, 184, 323]
79 3430 [157, 356, 186, 261, 311, 370, 393, 214, 430, 241, 287, 224]
77 3641 [232, 344, 166, 414, 374, 380, 441, 278, 365, 206, 163, 278]
80 3533 [241, 367, 382, 241, 356, 344, 344, 301, 213, 236, 310, 198]
81 3523 [183, 378, 326, 275, 182, 342, 148, 282, 345, 399, 332, 331]
83 3665 [249, 315, 387, 346, 167, 395, 184, 390, 272, 307, 310, 343]
82 3550 [348, 362, 222, 338, 231, 204, 213, 427, 222, 251, 434, 298]
84 3371 [178, 302, 330, 371, 306, 218, 310, 222, 421, 242, 286, 185]
86 3370 [240, 277, 143, 399, 221, 146, 239, 418, 206, 433, 258, 390]
85 3393 [361, 376, 260, 281, 366, 155, 366, 134, 263, 255, 433, 143]
88 3062 [364, 265, 261, 368, 167, 275, 225, 134, 221, 200, 275, 307]
87 3937 [296, 436, 164, 423, 355, 370, 266, 183, 324, 434, 342, 344]
89 2890 [388, 361, 317, 247, 320, 145, 148, 191, 247, 145, 189, 192]
91 3226 [182, 236, 277, 239, 408, 309, 265, 205, 342, 212, 268, 283]
90 3360 [131, 257, 390, 163, 194, 323, 265, 441, 430, 197, 297, 272]
94 3426 [181, 316, 264, 383, 399, 436, 143, 363, 136, 299, 363, 143]
92 3303 [311, 422, 237, 390, 264, 256, 404, 255, 243, 148, 219, 154]
93 3410 [327, 351, 293, 242, 373, 311, 180, 421, 160, 187, 347, 218]
95 3368 [194, 416, 402, 165, 354, 200, 346, 321, 132, 278, 229, 331]
96 2807 [338, 226, 248, 149, 180, 187, 248, 316, 217, 223, 318, 157]
99 3612 [351, 302, 273, 171, 247, 356, 213, 239, 394, 322, 305, 439]
97 3171 [196, 204, 244, 299, 435, 440, 366, 232, 160, 191, 149, 255]
98 3128 [220, 340, 138, 263, 201, 366, 329, 132, 299, 327, 167, 346]
100 3249 [297, 210, 165, 410, 382, 199, 229, 320, 268, 212, 374, 183]
101 3074 [236, 168, 335, 180, 354, 249, 436, 229, 238, 189, 256, 204]
104 3562 [140, 189, 348, 413, 331, 270, 408, 181, 233, 200, 410, 439]
103 4265 [292, 279, 364, 407, 423, 361, 440, 431, 172, 417, 403, 276]
102 2988 [242, 361, 152, 268, 270, 173, 214, 318, 156, 313, 330, 191]
105 3489 [216, 266, 437, 325, 195, 191, 292, 247, 357, 334, 321, 308]
106 3446 [131, 307, 352, 343, 166, 268, 131, 375, 390, 407, 261, 315]
107 2786 [429, 142, 416, 160, 382, 211, 168, 172, 194, 206, 172, 134]
109 3694 [346, 205, 395, 323, 384, 315, 189, 149, 236, 421, 410, 321]
108 3873 [356, 341, 201, 356, 440, 299, 299, 279, 159, 376, 362, 405]
111 2764 [144, 263, 238, 251, 327, 160, 197, 253, 171, 135, 252, 373]
110 3243 [140, 208, 384, 178, 279, 367, 340, 329, 328, 255, 142, 293]
113 3432 [299, 330, 258, 367, 321, 221, 179, 197, 184, 429, 219, 428]
112 3097 [151, 328, 238, 312, 397, 158, 252, 349, 173, 157, 255, 327]
114 3150 [285, 263, 188, 211, 369, 356, 374, 284, 132, 144, 146, 398]
116 3858 [146, 412, 427, 185, 253, 273, 269, 359, 391, 432, 382, 329]
115 3668 [245, 338, 303, 412, 160, 380, 226, 202, 399, 408, 215, 380]
119 3326 [194, 437, 207, 137, 270, 412, 350, 160, 238, 420, 254, 247]
118 3429 [399, 160, 131, 237, 250, 150, 378, 383, 372, 398, 381, 190]
117 3904 [302, 339, 437, 422, 364, 409, 205, 320, 364, 224, 352, 166]
121 3130 [200, 349, 144, 174, 269, 202, 158, 152, 440, 288, 329, 425]
120 3787 [260, 338, 324, 290, 232, 433, 400, 231, 398, 198, 287, 396]
122 3667 [411, 183, 263, 236, 419, 310, 238, 422, 236, 375, 359, 215]
123 3455 [196, 387, 165, 394, 375, 182, 242, 402, 224, 177, 337, 374]
124 2701 [270, 218, 138, 142, 235, 337, 156, 348, 183, 164, 153, 357]
125 3834 [160, 401, 318, 358, 290, 372, 428, 271, 364, 212, 414, 246]
126 3725 [363, 315, 235, 327, 271, 403, 332, 360, 223, 342, 136, 418]
128 3761 [388, 339, 275, 246, 255, 339, 232, 273, 431, 344, 288, 351]
129 2888 [181, 159, 178, 281, 306, 264, 296, 237, 164, 342, 186, 294]
127 2886 [132, 175, 411, 148, 134, 237, 341, 182, 247, 137, 368, 374]
130 3510 [377, 299, 284, 440, 149, 409, 232, 290, 290, 204, 343, 193]
131 3684 [311, 353, 225, 188, 428, 394, 438, 418, 206, 207, 272, 244]
134 3148 [169, 185, 387, 169, 355, 219, 288, 158, 322, 374, 316, 206]
132 3128 [315, 258, 315, 361, 178, 140, 198, 419, 320, 239, 132, 253]
133 3709 [367, 392, 223, 131, 177, 433, 420, 365, 406, 321, 184, 290]
135 3134 [232, 284, 145, 252, 396, 291, 233, 284, 198, 334, 176, 309]
136 3209 [176, 281, 264, 388, 231, 259, 438, 192, 227, 138, 257, 358]
137 3051 [428, 291, 265, 182, 213, 201, 140, 253, 276, 248, 264, 290]
138 3459 [405, 384, 257, 203, 156, 366, 242, 139, 227, 377, 293, 410]
139 3615 [420, 306, 235, 429, 333, 272, 151, 335, 240, 260, 278, 356]
140 3737 [301, 432, 151, 156, 433, 351, 396, 305, 150, 296, 415, 351]
141 3386 [322, 246, 395, 287, 310, 234, 290, 219, 215, 358, 260, 250]
142 3489 [238, 357, 174, 425, 411, 390, 376, 166, 179, 212, 286, 275]
143 3696 [386, 242, 176, 409, 329, 348, 388, 217, 434, 220, 159, 388]
144 3658 [142, 369, 422, 312, 237, 405, 410, 236, 215, 408, 361, 141]
146 3525 [337, 204, 314, 427, 330, 260, 167, 417, 213, 244, 424, 188]
145 3294 [378, 293, 214, 201, 248, 380, 408, 271, 153, 151, 366, 231]
147 3452 [263, 220, 163, 431, 433, 137, 371, 225, 145, 436, 441, 187]
148 2981 [218, 266, 351, 139, 144, 247, 181, 200, 243, 394, 214, 384]
149 2416 [191, 206, 134, 157, 341, 133, 143, 251, 362, 153, 146, 199]
151 3816 [401, 394, 392, 294, 417, 200, 222, 199, 431, 316, 178, 372]
150 3635 [213, 354, 372, 184, 209, 433, 327, 348, 382, 220, 161, 432]
153 3418 [159, 291, 371, 316, 202, 376, 322, 297, 388, 165, 178, 353]
152 3659 [360, 212, 390, 410, 293, 266, 271, 373, 249, 295, 408, 132]
154 4281 [433, 388, 325, 379, 145, 254, 325, 438, 430, 342, 433, 389]
155 3861 [439, 237, 353, 344, 366, 355, 419, 182, 408, 214, 333, 211]
156 3844 [439, 346, 171, 298, 355, 439, 182, 273, 375, 387, 158, 421]
159 2968 [212, 132, 178, 162, 265, 268, 315, 244, 159, 439, 373, 221]
157 3533 [296, 405, 187, 281, 158, 247, 414, 400, 350, 142, 253, 400]
158 3138 [241, 146, 286, 422, 235, 155, 284, 409, 220, 287, 141, 312]
161 3400 [263, 275, 177, 300, 177, 407, 317, 330, 358, 374, 188, 234]
163 3231 [194, 251, 200, 286, 437, 434, 207, 333, 163, 413, 143, 170]
164 3893 [355, 307, 364, 253, 315, 241, 229, 288, 436, 391, 311, 403]
160 3091 [393, 386, 327, 347, 265, 136, 281, 203, 269, 160, 141, 183]
162 3112 [439, 418, 225, 146, 329, 186, 163, 259, 277, 167, 331, 172]
165 3442 [193, 222, 274, 223, 427, 352, 197, 271, 425, 394, 209, 255]
166 2981 [405, 176, 226, 243, 208, 149, 139, 239, 440, 195, 304, 257]
167 3374 [144, 347, 262, 288, 422, 193, 298, 290, 138, 411, 298, 283]
169 3471 [193, 366, 256, 409, 266, 336, 145, 189, 226, 359, 313, 413]
168 3550 [379, 159, 241, 194, 412, 417, 428, 194, 180, 359, 156, 431]
170 3770 [161, 410, 412, 430, 384, 345, 287, 306, 268, 203, 342, 222]
172 3456 [390, 349, 349, 422, 131, 305, 183, 388, 272, 303, 154, 210]
173 3884 [253, 375, 266, 419, 167, 413, 337, 303, 308, 387, 240, 416]
174 3883 [135, 175, 248, 429, 247, 403, 400, 378, 426, 399, 252, 391]
171 3550 [410, 235, 230, 212, 424, 357, 248, 271, 279, 142, 378, 364]
175 3126 [216, 326, 228, 222, 279, 269, 165, 137, 257, 419, 200, 408]
179 3988 [347, 319, 372, 312, 387, 273, 292, 436, 289, 391, 398, 172]
176 3763 [174, 350, 363, 213, 337, 368, 325, 270, 253, 318, 364, 428]
177 3118 [439, 280, 308, 314, 261, 234, 291, 194, 163, 302, 167, 165]
178 3301 [244, 284, 169, 142, 277, 227, 440, 266, 293, 289, 241, 429]
180 3860 [320, 378, 393, 302, 392, 339, 427, 360, 280, 302, 229, 138]
183 3254 [258, 340, 377, 326, 299, 363, 158, 188, 236, 187, 320, 202]
181 3370 [278, 131, 173, 441, 410, 227, 237, 417, 159, 144, 371, 382]
182 3400 [325, 245, 139, 370, 274, 401, 237, 258, 398, 241, 377, 135]
184 3974 [284, 283, 385, 288, 416, 439, 316, 159, 367, 175, 441, 421]
185 3983 [308, 439, 371, 204, 313, 336, 290, 356, 290, 404, 440, 232]
188 3184 [334, 306, 285, 249, 188, 435, 147, 221, 365, 180, 189, 285]
186 3811 [187, 389, 295, 140, 401, 414, 388, 304, 383, 224, 283, 403]
187 3444 [279, 300, 338, 420, 377, 282, 430, 165, 258, 157, 247, 191]
189 3226 [141, 206, 263, 427, 249, 179, 324, 138, 215, 318, 410, 356]
190 4014 [317, 322, 253, 432, 234, 420, 323, 395, 423, 332, 212, 351]
192 3545 [267, 230, 355, 305, 273, 417, 280, 323, 314, 235, 333, 213]
193 4045 [369, 266, 362, 337, 303, 178, 374, 408, 310, 366, 431, 341]
194 3095 [324, 204, 343, 182, 211, 418, 140, 138, 292, 191, 318, 334]
191 3434 [321, 411, 344, 322, 227, 192, 189, 204, 157, 358, 295, 414]
195 3857 [410, 279, 415, 322, 348, 354, 390, 172, 325, 384, 172, 286]
197 3612 [196, 348, 244, 384, 286, 136, 246, 299, 354, 438, 262, 419]
196 3223 [133, 195, 254, 383, 269, 299, 238, 222, 345, 416, 246, 223]
198 3255 [161, 176, 349, 318, 224, 326, 184, 303, 259, 395, 134, 426]
199 3190 [135, 335, 210, 434, 221, 233, 291, 362, 135, 148, 311, 375]
200 3757 [424, 424, 402, 249, 151, 157, 430, 351, 228, 308, 197, 436]
203 3612 [262, 400, 384, 245, 303, 424, 183, 241, 319, 180, 415, 256]
202 3081 [167, 365, 148, 171, 196, 376, 267, 365, 200, 340, 324, 162]
201 3147 [392, 288, 258, 155, 214, 264, 396, 189, 407, 133, 197, 254]
204 3410 [427, 200, 138, 175, 266, 173, 339, 431, 321, 290, 430, 220]
205 3551 [307, 357, 237, 374, 419, 147, 310, 392, 308, 228, 327, 145]
209 3645 [332, 370, 228, 410, 379, 210, 269, 255, 260, 414, 217, 301]
208 3313 [221, 360, 388, 376, 153, 174, 295, 240, 280, 301, 327, 198]
206 3235 [211, 356, 191, 237, 421, 331, 131, 293, 370, 243, 137, 314]
207 3496 [241, 163, 402, 437, 238, 134, 386, 221, 355, 196, 345, 378]
210 3670 [145, 354, 352, 286, 388, 430, 289, 208, 264, 313, 356, 285]
213 3629 [281, 175, 360, 239, 403, 231, 412, 298, 367, 169, 393, 301]
214 2946 [263, 242, 303, 208, 175, 245, 131, 383, 404, 171, 168, 253]
212 3753 [312, 329, 411, 439, 287, 206, 375, 154, 282, 299, 301, 358]
211 3590 [430, 197, 323, 240, 395, 425, 227, 295, 289, 158, 187, 424]
215 3732 [243, 410, 339, 376, 370, 196, 366, 239, 395, 319, 154, 325]
217 3881 [277, 441, 299, 409, 190, 358, 434, 390, 256, 224, 331, 272]
218 2977 [259, 171, 230, 280, 237, 328, 270, 147, 334, 334, 256, 131]
219 3340 [243, 320, 215, 231, 426, 276, 228, 240, 247, 355, 246, 313]
216 3827 [439, 424, 181, 135, 319, 433, 340, 209, 336, 428, 354, 229]
220 3744 [243, 407, 409, 163, 385, 335, 247, 378, 175, 213, 431, 358]
224 3577 [227, 356, 274, 370, 289, 327, 348, 372, 204, 407, 149, 254]
221 3424 [266, 235, 302, 234, 361, 291, 149, 232, 396, 416, 321, 221]
222 2973 [371, 169, 199, 137, 179, 164, 158, 253, 393, 312, 419, 219]
223 3482 [422, 174, 249, 264, 272, 187, 210, 217, 440, 239, 401, 407]
225 3675 [331, 325, 225, 249, 432, 373, 237, 426, 257, 195, 421, 204]
226 3192 [225, 378, 182, 146, 252, 419, 424, 259, 146, 385, 210, 166]
227 3410 [302, 195, 255, 179, 374, 253, 296, 259, 273, 388, 270, 366]
229 3642 [299, 152, 278, 355, 404, 131, 422, 277, 388, 363, 141, 432]
228 3174 [421, 190, 257, 200, 433, 246, 161, 432, 205, 279, 141, 209]
230 3223 [431, 305, 185, 384, 167, 146, 153, 431, 210, 276, 383, 152]
232 3352 [222, 433, 318, 218, 365, 261, 334, 138, 262, 397, 246, 158]
233 3748 [339, 306, 355, 317, 300, 270, 256, 179, 390, 424, 434, 178]
231 3561 [232, 170, 291, 271, 352, 210, 394, 411, 257, 310, 354, 309]
234 3423 [420, 136, 324, 174, 223, 331, 377, 228, 415, 223, 162, 410]
235 2913 [246, 165, 157, 180, 381, 437, 225, 238, 309, 187, 182, 206]
239 3267 [321, 289, 334, 199, 285, 386, 152, 221, 156, 402, 294, 228]
236 2483 [171, 154, 201, 206, 248, 163, 354, 146, 177, 269, 149, 245]
237 3581 [429, 299, 417, 411, 205, 190, 333, 142, 388, 360, 134, 273]
238 3646 [271, 327, 418, 370, 429, 160, 229, 261, 355, 305, 248, 273]
240 3594 [274, 216, 288, 289, 399, 245, 218, 410, 379, 335, 245, 296]
241 3407 [369, 184, 310, 259, 350, 139, 418, 362, 239, 271, 302, 204]
242 3390 [353, 374, 441, 274, 162, 132, 176, 374, 139, 424, 208, 333]
243 3074 [196, 140, 145, 135, 387, 241, 364, 436, 149, 242, 437, 202]
244 3513 [410, 261, 265, 194, 246, 321, 404, 397, 317, 184, 342, 172]
245 3614 [301, 227, 185, 435, 269, 318, 409, 277, 279, 374, 149, 391]
246 2864 [176, 173, 164, 277, 244, 403, 170, 318, 438, 131, 165, 205]
249 3459 [263, 437, 263, 257, 345, 252, 135, 253, 386, 275, 345, 248]
248 3507 [380, 170, 172, 288, 187, 250, 373, 345, 353, 234, 336, 419]
247 3439 [205, 362, 394, 227, 191, 396, 200, 362, 177, 441, 346, 138]
250 3224 [417, 262, 175, 148, 335, 241, 216, 315, 142, 196, 375, 402]
251 3268 [183, 150, 343, 435, 187, 413, 416, 142, 157, 390, 270, 182]
252 3748 [392, 427, 373, 170, 373, 437, 134, 200, 260, 338, 256, 388]
254 2983 [187, 246, 167, 173, 235, 438, 355, 135, 265, 306, 148, 328]
253 3321 [159, 312, 367, 254, 352, 210, 425, 133, 239, 354, 173, 343]
255 3816 [262, 355, 288, 189, 310, 259, 362, 366, 410, 435, 274, 306]
259 3832 [421, 344, 220, 273, 148, 405, 254, 293, 349, 424, 332, 369]
256 3079 [329, 157, 429, 267, 138, 145, 358, 278, 173, 320, 217, 268]
258 3678 [244, 340, 278, 417, 210, 296, 285, 394, 269, 210, 401, 334]
257 2833 [134, 182, 131, 281, 259, 144, 322, 254, 150, 333, 216, 427]
260 3605 [350, 272, 314, 251, 181, 376, 322, 289, 337, 307, 374, 232]
263 3442 [333, 247, 328, 413, 321, 370, 163, 253, 308, 210, 210, 286]
262 3486 [336, 234, 247, 250, 390, 194, 296, 384, 160, 418, 397, 180]
264 3332 [410, 327, 326, 207, 355, 273, 176, 174, 155, 420, 148, 361]
261 3344 [161, 407, 422, 154, 258, 288, 332, 145, 265, 310, 180, 422]
265 3464 [416, 266, 211, 437, 224, 252, 343, 311, 161, 184, 228, 431]
268 3615 [430, 276, 327, 270, 420, 430, 295, 233, 191, 359, 245, 139]
269 3319 [299, 349, 321, 429, 170, 258, 234, 181, 415, 199, 137, 327]
266 3349 [170, 251, 310, 331, 220, 321, 377, 199, 268, 265, 357, 280]
267 3091 [204, 412, 149, 288, 271, 136, 139, 408, 240, 354, 176, 314]
270 3354 [419, 217, 437, 310, 413, 134, 218, 172, 279, 368, 193, 194]
271 3376 [131, 363, 249, 400, 410, 221, 136, 210, 197, 439, 333, 287]
273 3951 [353, 405, 379, 378, 143, 437, 224, 219, 357, 349, 318, 389]
274 3943 [430, 438, 319, 368, 225, 408, 269, 331, 198, 282, 290, 385]
275 3550 [326, 172, 411, 271, 384, 200, 252, 322, 356, 317, 364, 175]
272 3529 [371, 408, 159, 181, 413, 386, 168, 273, 292, 375, 243, 260]
277 3365 [259, 206, 138, 266, 166, 209, 280, 409, 379, 262, 371, 420]
276 3078 [263, 261, 226, 199, 306, 230, 303, 284, 250, 234, 304, 218]
278 3703 [162, 351, 387, 420, 189, 410, 261, 290, 411, 241, 177, 404]
280 3712 [404, 172, 262, 331, 240, 426, 405, 186, 435, 313, 284, 254]
279 3172 [244, 197, 428, 236, 254, 139, 378, 173, 312, 258, 288, 265]
281 3146 [189, 342, 170, 281, 392, 188, 354, 247, 153, 234, 228, 368]
282 3370 [339, 203, 304, 208, 364, 387, 190, 341, 131, 273, 362, 268]
285 3550 [155, 377, 146, 347, 433, 268, 319, 341, 341, 314, 345, 164]
283 3019 [285, 273, 417, 352, 217, 192, 232, 162, 211, 139, 246, 293]
284 3958 [339, 441, 409, 316, 405, 402, 289, 388, 147, 279, 263, 280]
287 3590 [388, 430, 354, 406, 272, 215, 188, 234, 152, 333, 373, 245]
286 3658 [415, 335, 207, 405, 389, 285, 259, 434, 228, 324, 207, 170]
290 3810 [143, 339, 320, 393, 309, 243, 370, 407, 385, 215, 251, 435]
289 3662 [394, 276, 294, 393, 154, 132, 311, 264, 402, 245, 363, 434]
288 3531 [308, 325, 336, 206, 403, 400, 229, 242, 349, 219, 309, 205]
292 3755 [195, 241, 409, 412, 412, 255, 433, 302, 306, 253, 140, 397]
291 3180 [192, 352, 396, 276, 164, 227, 430, 219, 301, 165, 313, 145]
293 3543 [414, 224, 370, 400, 335, 432, 146, 437, 166, 135, 213, 271]
294 3357 [438, 288, 351, 224, 207, 386, 289, 132, 229, 353, 324, 136]
295 3476 [134, 356, 167, 345, 350, 302, 331, 306, 231, 413, 317, 224]
296 3770 [276, 397, 347, 284, 392, 284, 400, 356, 275, 138, 297, 324]
297 3936 [188, 309, 269, 392, 325, 403, 362, 351, 190, 403, 310, 434]
300 3125 [233, 280, 225, 156, 349, 133, 410, 414, 310, 131, 297, 187]
299 3265 [235, 299, 132, 216, 416, 322, 410, 201, 406, 304, 133, 191]
298 3456 [227, 322, 373, 266, 406, 361, 211, 261, 294, 257, 166, 312]
301 3828 [198, 287, 258, 439, 210, 258, 440, 337, 402, 365, 410, 224]
302 3498 [440, 165, 171, 335, 325, 167, 429, 184, 309, 403, 368, 202]
305 3712 [241, 368, 281, 320, 322, 278, 390, 131, 358, 307, 310, 406]
303 3636 [315, 315, 270, 250, 157, 265, 333, 239, 323, 332, 419, 418]
304 3231 [287, 300, 360, 174, 172, 177, 219, 392, 339, 434, 242, 135]
307 3090 [233, 293, 272, 148, 157, 416, 369, 175, 135, 247, 419, 226]
306 3470 [219, 432, 365, 237, 273, 250, 429, 260, 265, 368, 182, 190]
309 3346 [228, 399, 170, 216, 335, 422, 230, 141, 262, 280, 318, 345]
308 3586 [309, 184, 214, 260, 284, 232, 371, 387, 381, 239, 305, 420]
310 3836 [432, 276, 346, 225, 305, 299, 423, 246, 258, 410, 423, 193]
312 2823 [214, 264, 142, 194, 218, 285, 242, 304, 244, 177, 240, 299]
311 3687 [240, 417, 334, 334, 339, 251, 356, 219, 272, 219, 373, 333]
314 3352 [439, 415, 313, 138, 258, 316, 285, 150, 192, 187, 399, 260]
315 3407 [212, 325, 238, 299, 396, 152, 202, 294, 318, 205, 396, 370]
313 3469 [392, 302, 427, 330, 191, 223, 148, 136, 247, 319, 397, 357]
317 3362 [410, 419, 380, 207, 278, 344, 172, 265, 192, 213, 266, 216]
316 3498 [208, 179, 342, 311, 364, 213, 409, 190, 207, 424, 277, 374]
318 3781 [237, 359, 317, 231, 346, 219, 432, 265, 139, 384, 438, 414]
319 3569 [432, 302, 211, 220, 432, 369, 296, 276, 173, 423, 156, 279]
320 3055 [280, 318, 238, 352, 305, 203, 243, 143, 217, 313, 251, 192]
322 3708 [399, 254, 392, 170, 300, 388, 437, 380, 356, 328, 167, 137]
321 3507 [322, 233, 356, 404, 418, 223, 405, 158, 167, 182, 407, 232]
323 3812 [235, 408, 396, 372, 243, 383, 146, 278, 351, 404, 277, 319]
325 3252 [251, 143, 239, 430, 433, 272, 308, 237, 218, 241, 185, 295]
324 3504 [375, 201, 364, 390, 185, 272, 249, 133, 228, 357, 344, 406]
326 3553 [323, 304, 304, 176, 239, 354, 365, 422, 376, 182, 250, 258]
327 3256 [324, 173, 265, 381, 286, 385, 253, 199, 181, 261, 404, 144]
328 3929 [359, 344, 271, 329, 282, 308, 408, 364, 380, 329, 181, 374]
330 3533 [191, 306, 202, 246, 239, 270, 265, 332, 330, 383, 330, 439]
329 3145 [231, 227, 225, 358, 372, 249, 222, 359, 213, 314, 183, 192]
331 3381 [431, 330, 235, 245, 271, 417, 203, 363, 308, 236, 188, 154]
332 3448 [310, 163, 372, 276, 425, 229, 420, 172, 257, 283, 321, 220]
333 3014 [230, 355, 136, 207, 307, 132, 166, 399, 373, 287, 144, 278]
335 3123 [232, 154, 269, 162, 179, 311, 243, 313, 314, 413, 297, 236]
334 3109 [227, 133, 228, 334, 166, 433, 194, 134, 141, 398, 311, 410]
337 3812 [288, 140, 210, 301, 439, 369, 252, 426, 261, 415, 374, 337]
336 3354 [325, 405, 254, 237, 298, 153, 363, 182, 194, 187, 423, 333]
340 2968 [180, 173, 397, 400, 216, 199, 228, 371, 157, 270, 163, 214]
339 3580 [387, 141, 266, 212, 380, 274, 230, 386, 336, 412, 184, 372]
338 3793 [257, 147, 361, 430, 409, 416, 194, 314, 277, 306, 340, 342]
341 3549 [192, 152, 422, 197, 391, 432, 152, 298, 321, 410, 387, 195]
342 3223 [315, 341, 382, 302, 386, 176, 197, 139, 259, 177, 327, 222]
344 3415 [378, 159, 389, 183, 241, 250, 263, 415, 169, 271, 311, 386]
343 3125 [325, 217, 220, 263, 167, 239, 293, 143, 210, 347, 289, 412]
345 3543 [171, 260, 430, 288, 297, 166, 394, 240, 247, 368, 243, 439]
347 3307 [249, 298, 315, 252, 177, 323, 294, 333, 398, 164, 291, 213]
346 3449 [236, 300, 352, 168, 294, 209, 264, 328, 334, 432, 295, 237]
349 3060 [308, 340, 225, 169, 271, 131, 338, 198, 310, 300, 293, 177]
348 3546 [309, 219, 370, 235, 336, 273, 441, 208, 133, 388, 425, 209]
350 3161 [317, 380, 195, 439, 270, 290, 149, 348, 238, 162, 227, 146]
352 3709 [404, 137, 315, 165, 419, 423, 357, 311, 331, 326, 172, 349]
351 3500 [191, 284, 416, 326, 231, 415, 202, 210, 296, 350, 149, 430]
355 3039 [145, 377, 262, 216, 311, 429, 155, 194, 205, 218, 294, 233]
353 3298 [194, 406, 229, 357, 246, 183, 164, 362, 389, 187, 336, 245]
354 3346 [252, 377, 198, 294, 416, 245, 294, 140, 228, 326, 268, 308]
357 3699 [221, 391, 252, 325, 270, 204, 414, 396, 267, 304, 334, 321]
356 2928 [314, 206, 408, 216, 246, 323, 296, 239, 216, 163, 145, 156]
360 3054 [396, 236, 177, 229, 290, 286, 273, 217, 155, 161, 354, 280]
359 3511 [247, 328, 428, 375, 156, 228, 400, 147, 395, 326, 131, 350]
358 3378 [259, 400, 189, 131, 270, 395, 220, 337, 216, 336, 317, 308]
362 3559 [423, 191, 272, 341, 234, 194, 311, 338, 288, 309, 319, 339]
361 3861 [420, 406, 380, 215, 179, 370, 420, 369, 286, 188, 295, 333]
363 3353 [328, 177, 357, 260, 366, 294, 358, 154, 333, 229, 247, 250]
364 2834 [143, 153, 170, 153, 316, 262, 306, 225, 384, 379, 204, 139]
365 3282 [187, 195, 147, 336, 402, 139, 441, 394, 290, 217, 271, 263]
366 3219 [161, 140, 385, 232, 280, 396, 250, 332, 341, 193, 250, 259]
367 3269 [197, 437, 273, 409, 170, 182, 227, 131, 222, 379, 290, 352]
369 3260 [191, 317, 210, 431, 381, 137, 325, 372, 186, 149, 213, 348]
370 3673 [142, 295, 201, 385, 367, 417, 283, 316, 349, 178, 412, 328]
368 3301 [354, 218, 240, 234, 363, 376, 441, 381, 188, 131, 165, 210]
372 3757 [309, 355, 371, 405, 394, 281, 281, 370, 233, 400, 200, 158]
371 3017 [420, 241, 151, 153, 353, 199, 215, 263, 412, 227, 190, 193]
375 3811 [379, 331, 167, 437, 402, 280, 240, 165, 305, 359, 338, 408]
374 3570 [221, 359, 167, 315, 362, 229, 311, 365, 317, 363, 379, 182]
373 3194 [416, 137, 153, 314, 151, 428, 328, 276, 290, 280, 234, 187]
376 3658 [283, 232, 424, 254, 306, 283, 384, 225, 349, 182, 349, 387]
377 3604 [369, 298, 313, 319, 234, 381, 306, 252, 177, 417, 402, 136]
380 3362 [416, 362, 256, 222, 162, 319, 338, 216, 265, 390, 241, 175]
378 3003 [135, 189, 341, 348, 337, 400, 292, 140, 132, 146, 172, 371]
379 3815 [354, 176, 207, 400, 153, 421, 365, 437, 349, 173, 434, 346]
381 3369 [290, 388, 191, 275, 363, 273, 357, 279, 131, 332, 149, 341]
382 3166 [203, 429, 190, 409, 180, 217, 257, 395, 251, 202, 288, 145]
385 3300 [190, 247, 410, 299, 169, 414, 191, 287, 275, 285, 389, 144]
384 3689 [219, 433, 331, 389, 226, 368, 387, 259, 396, 155, 293, 233]
383 3375 [225, 205, 213, 356, 151, 394, 260, 300, 323, 405, 347, 196]
387 3819 [238, 423, 344, 264, 413, 162, 213, 353, 424, 366, 380, 239]
386 3375 [147, 145, 437, 331, 439, 286, 159, 146, 396, 345, 222, 322]
390 4513 [353, 366, 418, 438, 421, 350, 430, 400, 255, 393, 437, 252]
389 3508 [403, 289, 161, 246, 193, 251, 412, 398, 399, 318, 202, 236]
388 3506 [368, 262, 303, 355, 240, 211, 373, 212, 156, 380, 357, 289]
392 2885 [414, 349, 324, 146, 181, 230, 174, 205, 217, 252, 165, 228]
391 3514 [252, 168, 260, 344, 359, 418, 160, 409, 164, 369, 341, 270]
395 3517 [424, 426, 209, 368, 300, 239, 398, 313, 179, 174, 340, 147]
394 3294 [329, 208, 380, 264, 366, 317, 190, 218, 218, 434, 168, 202]
393 3752 [244, 200, 382, 436, 423, 213, 432, 324, 335, 186, 279, 298]
397 3299 [151, 233, 218, 224, 407, 213, 184, 355, 361, 391, 402, 160]
396 3468 [137, 436, 380, 260, 205, 306, 182, 434, 169, 318, 387, 254]
400 3609 [381, 330, 428, 162, 265, 392, 411, 222, 247, 437, 147, 187]
399 3595 [168, 342, 349, 411, 440, 435, 331, 170, 246, 184, 288, 231]
398 3783 [384, 195, 319, 432, 305, 361, 137, 410, 323, 330, 265, 322]
402 3632 [248, 293, 217, 249, 255, 306, 131, 381, 368, 386, 411, 387]
401 3263 [425, 200, 397, 143, 428, 225, 184, 365, 231, 336, 197, 132]
404 3266 [225, 133, 339, 216, 384, 334, 139, 415, 291, 206, 353, 231]
405 3673 [147, 420, 350, 230, 421, 185, 384, 380, 256, 350, 282, 268]
403 3593 [400, 405, 212, 265, 338, 440, 274, 167, 300, 351, 289, 152]
407 3793 [273, 288, 296, 236, 260, 361, 405, 370, 411, 371, 263, 259]
406 3716 [319, 249, 147, 363, 403, 342, 285, 372, 439, 318, 201, 278]
410 4088 [418, 181, 430, 319, 370, 359, 295, 388, 248, 384, 312, 384]
409 3680 [264, 267, 329, 427, 348, 233, 224, 266, 418, 318, 432, 154]
408 3362 [288, 415, 293, 339, 307, 276, 326, 168, 251, 345, 189, 165]
412 2863 [145, 304, 225, 247, 210, 301, 202, 312, 166, 338, 224, 189]
411 3479 [198, 302, 364, 287, 430, 308, 344, 361, 161, 172, 341, 211]
414 3605 [268, 154, 354, 293, 387, 230, 313, 352, 421, 399, 248, 186]
415 3374 [250, 132, 168, 328, 343, 354, 312, 304, 262, 384, 358, 179]
413 3685 [239, 208, 334, 414, 133, 313, 437, 323, 375, 257, 244, 408]
416 3599 [428, 178, 241, 275, 211, 428, 171, 374, 308, 407, 276, 302]
417 3252 [279, 175, 436, 140, 154, 136, 331, 344, 438, 404, 132, 283]
418 4027 [323, 381, 268, 416, 429, 374, 190, 262, 371, 382, 406, 225]
419 3348 [248, 240, 146, 431, 165, 373, 414, 296, 271, 285, 201, 278]
420 3800 [154, 404, 405, 272, 422, 183, 247, 297, 437, 259, 316, 404]
422 3654 [400, 169, 195, 397, 198, 299, 379, 186, 379, 379, 364, 309]
421 3478 [172, 294, 167, 322, 337, 336, 302, 294, 413, 279, 228, 334]
425 3757 [405, 231, 376, 187, 215, 383, 404, 225, 282, 432, 188, 429]
423 3531 [242, 404, 228, 352, 245, 426, 226, 243, 198, 324, 286, 357]
424 3300 [258, 378, 296, 290, 235, 139, 251, 189, 185, 425, 346, 308]
427 3209 [187, 224, 331, 173, 242, 242, 190, 204, 406, 359, 363, 288]
426 3465 [399, 186, 150, 393, 379, 351, 179, 368, 337, 204, 325, 194]
428 3165 [238, 298, 137, 208, 199, 372, 367, 156, 277, 418, 287, 208]
430 3137 [231, 281, 173, 414, 344, 399, 301, 194, 317, 162, 145, 176]
429 4122 [277, 319, 403, 323, 394, 264, 330, 384, 214, 370, 405, 439]
431 3908 [413, 358, 241, 344, 352, 328, 424, 280, 261, 319, 259, 329]
432 3752 [431, 224, 309, 334, 414, 416, 251, 144, 297, 312, 192, 428]
433 4105 [249, 347, 337, 428, 413, 156, 377, 256, 419, 418, 302, 403]
435 3221 [152, 290, 264, 353, 259, 312, 377, 155, 310, 320, 173, 256]
434 3263 [350, 157, 437, 210, 241, 178, 228, 326, 440, 214, 144, 338]
437 3507 [251, 209, 434, 296, 413, 263, 361, 131, 363, 280, 241, 265]
436 3091 [309, 157, 274, 153, 340, 331, 381, 136, 415, 274, 146, 175]
438 3399 [156, 206, 346, 333, 249, 171, 173, 347, 420, 435, 262, 301]
440 3127 [342, 277, 193, 207, 342, 220, 429, 158, 149, 206, 302, 302]
439 3980 [382, 350, 344, 405, 279, 437, 214, 200, 376, 337, 219, 437]
442 3508 [304, 292, 199, 400, 147, 196, 386, 211, 259, 377, 337, 400]
441 3859 [429, 405, 249, 430, 378, 341, 180, 332, 357, 436, 166, 156]
445 2742 [207, 146, 284, 287, 151, 156, 383, 329, 296, 132, 232, 139]
443 3550 [204, 204, 383, 248, 440, 151, 419, 301, 244, 395, 291, 270]
444 3564 [184, 426, 383, 343, 253, 182, 323, 195, 321, 352, 315, 287]
447 3023 [223, 324, 137, 133, 310, 133, 331, 210, 220, 270, 418, 314]
446 3197 [189, 260, 347, 312, 410, 425, 228, 204, 284, 138, 167, 233]
449 3224 [142, 257, 145, 389, 331, 311, 169, 385, 264, 423, 148, 260]
450 3192 [402, 357, 321, 201, 238, 192, 227, 366, 406, 149, 150, 183]
448 3832 [271, 400, 413, 271, 194, 251, 344, 427, 226, 421, 197, 417]
451 3376 [200, 268, 174, 150, 202, 347, 321, 408, 367, 327, 436, 176]
452 3811 [424, 347, 292, 288, 304, 429, 378, 432, 298, 271, 142, 206]
455 3176 [141, 338, 389, 244, 169, 241, 219, 438, 261, 252, 216, 268]
454 3764 [368, 358, 250, 243, 374, 272, 305, 253, 283, 317, 368, 373]
453 3750 [364, 381, 188, 326, 338, 304, 384, 380, 298, 175, 202, 410]
457 3129 [133, 131, 322, 226, 267, 162, 280, 304, 404, 256, 326, 318]
456 3305 [228, 313, 339, 188, 245, 332, 353, 281, 368, 204, 170, 284]
459 3125 [131, 211, 303, 300, 151, 175, 275, 374, 408, 226, 131, 440]
458 3453 [188, 215, 317, 376, 344, 434, 200, 223, 377, 355, 253, 171]
460 3237 [246, 404, 244, 209, 398, 300, 145, 188, 301, 282, 363, 157]
461 3277 [404, 217, 201, 417, 223, 241, 260, 308, 211, 169, 295, 331]
462 3634 [202, 422, 283, 426, 320, 239, 340, 189, 156, 245, 412, 400]
465 4088 [333, 144, 383, 405, 358, 329, 355, 301, 377, 356, 411, 336]
463 3629 [262, 414, 322, 247, 293, 270, 331, 409, 165, 399, 347, 170]
464 3448 [138, 403, 273, 288, 183, 301, 202, 440, 345, 331, 221, 323]
466 2835 [203, 240, 376, 151, 254, 187, 358, 419, 138, 151, 226, 132]
467 3159 [197, 171, 354, 341, 166, 168, 213, 307, 349, 363, 374, 156]
470 3258 [263, 317, 176, 419, 186, 398, 377, 263, 188, 274, 246, 151]
469 3704 [224, 356, 337, 359, 192, 411, 261, 374, 227, 363, 222, 378]
468 2915 [164, 281, 141, 166, 178, 231, 234, 199, 362, 386, 154, 419]
472 3190 [146, 173, 419, 203, 176, 327, 241, 205, 335, 351, 417, 197]
471 3565 [353, 281, 326, 266, 423, 263, 269, 277, 352, 145, 180, 430]
475 3480 [287, 368, 248, 242, 326, 178, 294, 238, 397, 244, 401, 257]
474 3487 [394, 305, 359, 399, 395, 348, 276, 158, 247, 222, 162, 222]
473 3022 [154, 224, 308, 287, 215, 229, 399, 155, 361, 384, 133, 173]
476 3089 [182, 141, 418, 178, 274, 180, 362, 202, 187, 242, 311, 412]
477 3174 [340, 372, 422, 143, 141, 248, 187, 279, 131, 302, 349, 260]
478 3372 [429, 156, 285, 441, 218, 274, 213, 252, 282, 211, 307, 304]
479 3673 [284, 307, 255, 419, 375, 397, 421, 280, 131, 341, 136, 327]
480 3511 [148, 297, 280, 333, 221, 429, 326, 395, 368, 251, 282, 181]
481 3629 [296, 423, 315, 153, 418, 298, 238, 300, 135, 253, 425, 375]
482 2943 [257, 221, 407, 166, 192, 250, 298, 144, 383, 230, 159, 236]
484 3536 [289, 421, 273, 254, 369, 250, 229, 335, 200, 392, 359, 165]
483 3867 [439, 233, 375, 335, 396, 140, 324, 279, 242, 439, 285, 380]
485 3661 [180, 230, 343, 342, 256, 372, 232, 191, 363, 292, 438, 422]
486 3266 [202, 178, 237, 216, 175, 434, 387, 213, 258, 366, 168, 432]
487 3319 [131, 321, 161, 188, 419, 331, 140, 365, 180, 221, 437, 425]
489 3164 [208, 223, 387, 285, 150, 163, 218, 131, 422, 382, 339, 256]
490 3425 [209, 344, 407, 417, 413, 357, 136, 328, 153, 186, 206, 269]
488 4111 [336, 365, 332, 369, 278, 334, 239, 373, 435, 315, 401, 334]
492 3426 [203, 398, 234, 394, 168, 180, 220, 394, 275, 197, 429, 334]
491 3247 [225, 143, 203, 370, 416, 156, 411, 191, 321, 175, 241, 395]
493 3201 [325, 133, 323, 298, 157, 371, 239, 148, 410, 139, 428, 230]
495 4105 [425, 409, 407, 334, 329, 396, 301, 220, 247, 433, 220, 384]
494 3753 [424, 255, 353, 367, 276, 351, 411, 181, 211, 346, 319, 259]
496 3593 [319, 229, 244, 346, 338, 389, 416, 181, 326, 192, 234, 379]
497 3126 [166, 355, 164, 249, 344, 163, 309, 206, 323, 367, 238, 242]
499 2966 [140, 151, 221, 393, 189, 251, 145, 339, 395, 370, 201, 171]
498 3392 [210, 303, 406, 132, 190, 407, 337, 312, 144, 331, 324, 296]
500 3407 [175, 192, 400, 301, 389, 356, 152, 414, 220, 304, 288, 216]
502 3835 [390, 268, 370, 404, 412, 352, 292, 205, 198, 173, 405, 366]
501 3599 [395, 187, 305, 280, 171, 192, 433, 357, 402, 336, 293, 248]
504 3267 [333, 419, 143, 173, 432, 187, 322, 337, 245, 206, 138, 332]
503 2902 [242, 228, 181, 165, 197, 136, 436, 285, 205, 219, 432, 176]
505 3714 [362, 271, 334, 183, 427, 420, 436, 309, 347, 132, 281, 212]
507 3666 [187, 150, 265, 222, 333, 282, 429, 284, 439, 383, 396, 296]
506 3503 [179, 146, 365, 427, 280, 406, 388, 140, 275, 196, 306, 395]
508 3479 [314, 298, 267, 257, 314, 238, 215, 248, 322, 265, 399, 342]
510 3970 [282, 269, 392, 231, 404, 270, 367, 406, 402, 402, 377, 168]
509 3460 [364, 134, 336, 366, 350, 310, 372, 158, 361, 225, 142, 342]
511 3777 [163, 335, 401, 278, 258, 319, 303, 410, 374, 298, 216, 422]
512 3401 [178, 334, 321, 278, 200, 164, 420, 319, 311, 424, 263, 189]
513 3408 [436, 240, 168, 293, 266, 381, 162, 158, 242, 440, 383, 239]
515 3091 [205, 319, 203, 173, 430, 185, 300, 380, 201, 181, 171, 343]
514 3668 [368, 329, 284, 422, 203, 275, 384, 222, 375, 183, 337, 286]
516 3231 [159, 408, 379, 276, 236, 265, 407, 152, 139, 419, 198, 193]
517 3569 [214, 337, 301, 366, 340, 176, 271, 402, 253, 428, 199, 282]
519 3671 [387, 383, 434, 356, 389, 236, 388, 247, 176, 136, 376, 163]
518 3564 [163, 335, 177, 355, 378, 160, 345, 288, 238, 425, 299, 401]
520 3362 [215, 396, 215, 293, 288, 246, 176, 383, 222, 402, 224, 302]
522 3602 [246, 320, 145, 143, 325, 322, 388, 360, 417, 305, 401, 230]
521 4039 [307, 399, 391, 166, 319, 381, 415, 441, 188, 363, 277, 392]
523 3457 [189, 347, 398, 372, 251, 292, 198, 177, 149, 354, 412, 318]
525 3077 [180, 207, 336, 158, 297, 141, 145, 356, 277, 398, 176, 406]
524 3355 [287, 207, 211, 170, 412, 263, 384, 241, 434, 392, 156, 198]
526 3039 [165, 245, 246, 219, 325, 241, 228, 394, 171, 345, 186, 274]
527 3792 [417, 397, 173, 355, 323, 252, 356, 268, 384, 205, 232, 430]
529 2904 [276, 166, 232, 183, 279, 214, 424, 380, 146, 141, 131, 332]
528 3496 [417, 257, 136, 377, 185, 405, 275, 177, 204, 340, 403, 320]
530 3314 [363, 168, 219, 171, 395, 234, 134, 416, 383, 222, 378, 231]
531 3848 [355, 393, 238, 360, 330, 400, 329, 275, 174, 249, 421, 324]
532 3377 [141, 430, 166, 253, 279, 145, 383, 331, 428, 261, 168, 392]
535 3486 [316, 267, 354, 178, 169, 156, 314, 346, 411, 393, 205, 377]
533 3477 [273, 436, 258, 213, 412, 235, 360, 323, 401, 253, 146, 167]
534 3163 [265, 185, 237, 153, 317, 412, 203, 305, 346, 138, 415, 187]
536 3363 [316, 139, 250, 305, 425, 345, 227, 310, 429, 193, 153, 271]
537 3366 [313, 142, 421, 140, 158, 390, 134, 137, 342, 423, 359, 407]
538 3160 [427, 131, 208, 245, 414, 402, 132, 341, 202, 191, 300, 167]
540 2764 [155, 216, 298, 211, 171, 328, 339, 225, 144, 175, 133, 369]
539 3177 [285, 308, 366, 220, 151, 148, 283, 305, 230, 330, 356, 195]
541 3673 [299, 388, 150, 387, 153, 396, 308, 392, 139, 242, 406, 413]
542 3112 [431, 349, 199, 322, 132, 279, 284, 206, 244, 210, 160, 296]
545 3521 [161, 366, 159, 416, 333, 140, 328, 337, 432, 368, 283, 198]
543 3122 [382, 161, 139, 424, 312, 146, 289, 155, 328, 338, 156, 292]
544 3325 [198, 296, 303, 359, 244, 315, 189, 411, 265, 233, 312, 200]
546 3445 [335, 175, 414, 332, 212, 382, 142, 268, 341, 226, 253, 365]
547 3231 [255, 152, 282, 301, 432, 181, 285, 262, 166, 152, 408, 355]
550 3330 [334, 313, 436, 190, 277, 224, 370, 374, 348, 144, 187, 133]
548 3273 [327, 249, 428, 300, 138, 361, 240, 369, 176, 167, 239, 279]
549 2959 [245, 184, 279, 335, 154, 439, 251, 133, 220, 300, 278, 141]
552 3581 [347, 234, 154, 390, 341, 259, 373, 384, 334, 348, 286, 131]
551 3294 [403, 152, 441, 319, 230, 229, 372, 318, 242, 159, 253, 176]
555 4132 [369, 366, 385, 413, 366, 366, 347, 285, 274, 433, 191, 337]
554 3464 [259, 254, 229, 426, 427, 419, 320, 171, 233, 383, 171, 172]
553 2676 [243, 193, 343, 165, 213, 307, 157, 259, 304, 190, 158, 144]
556 3915 [407, 383, 172, 338, 389, 368, 249, 299, 419, 354, 382, 155]
557 3297 [189, 241, 236, 209, 254, 134, 232, 322, 367, 337, 417, 359]
558 3386 [355, 358, 365, 379, 316, 295, 142, 198, 138, 356, 351, 133]
559 3225 [134, 379, 331, 141, 302, 303, 205, 222, 365, 372, 314, 157]
560 3348 [320, 263, 379, 256, 190, 297, 307, 411, 178, 147, 249, 351]
561 3076 [253, 319, 240, 287, 237, 343, 317, 196, 150, 298, 268, 168]
562 3570 [390, 223, 192, 362, 262, 152, 329, 330, 305, 431, 413, 181]
563 3271 [422, 210, 349, 186, 184, 386, 193, 261, 173, 378, 297, 232]
565 4092 [411, 401, 276, 323, 191, 430, 289, 215, 439, 338, 362, 417]
564 3488 [394, 296, 278, 386, 384, 405, 205, 265, 155, 197, 266, 257]
567 3864 [248, 277, 440, 434, 314, 411, 323, 282, 180, 338, 185, 432]
566 3500 [269, 336, 428, 137, 381, 216, 343, 270, 181, 369, 232, 338]
569 3363 [409, 376, 151, 136, 156, 410, 313, 421, 190, 166, 437, 198]
570 3317 [213, 413, 163, 328, 316, 203, 194, 387, 132, 306, 394, 268]
568 4016 [341, 388, 439, 220, 321, 145, 366, 441, 281, 351, 405, 318]
572 3460 [239, 373, 290, 432, 373, 218, 388, 217, 149, 180, 428, 173]
571 3425 [160, 334, 142, 265, 181, 199, 409, 407, 179, 320, 413, 416]
573 3931 [338, 268, 369, 224, 320, 143, 414, 306, 363, 397, 400, 389]
574 3680 [394, 227, 178, 338, 382, 438, 306, 317, 182, 294, 257, 367]
575 3661 [378, 301, 334, 414, 339, 204, 227, 381, 321, 277, 318, 167]
576 3444 [176, 185, 364, 279, 406, 244, 353, 340, 388, 147, 365, 197]
577 3510 [248, 173, 158, 377, 346, 439, 265, 407, 298, 303, 143, 353]
578 3169 [219, 261, 286, 238, 334, 230, 438, 218, 229, 141, 148, 427]
580 3603 [152, 432, 197, 180, 148, 387, 366, 258, 412, 417, 291, 363]
579 3317 [240, 131, 291, 327, 331, 198, 347, 289, 232, 226, 432, 273]
581 3167 [432, 280, 196, 224, 248, 309, 131, 370, 440, 235, 163, 139]
582 3018 [214, 136, 242, 138, 292, 131, 223, 333, 299, 396, 428, 186]
585 3097 [402, 153, 280, 288, 415, 267, 243, 237, 212, 207, 196, 197]
583 3112 [231, 213, 170, 318, 256, 253, 351, 378, 345, 267, 139, 191]
584 3553 [357, 323, 176, 143, 424, 438, 218, 372, 411, 325, 192, 174]
587 3074 [312, 180, 233, 243, 329, 176, 218, 291, 382, 268, 195, 247]
586 3614 [213, 245, 341, 311, 164, 408, 298, 254, 368, 323, 277, 412]
588 2922 [155, 246, 139, 272, 329, 346, 162, 311, 131, 150, 388, 293]
589 3806 [411, 314, 365, 393, 217, 315, 390, 228, 194, 281, 403, 295]
590 3455 [379, 429, 198, 405, 198, 153, 441, 191, 175, 147, 372, 367]
592 3830 [183, 441, 399, 264, 365, 309, 419, 198, 252, 328, 335, 337]
591 3078 [159, 281, 158, 139, 291, 290, 261, 195, 171, 331, 393, 409]
595 3263 [383, 411, 340, 158, 229, 313, 168, 258, 276, 170, 277, 280]
594 3653 [441, 369, 360, 364, 307, 367, 290, 223, 315, 166, 252, 199]
593 3111 [401, 406, 190, 193, 231, 166, 301, 343, 213, 264, 249, 154]
597 3244 [225, 427, 182, 297, 210, 286, 402, 380, 156, 197, 293, 189]
596 3119 [237, 356, 200, 202, 146, 220, 240, 311, 349, 418, 152, 288]
598 3180 [400, 231, 168, 378, 231, 246, 437, 163, 302, 158, 266, 200]
600 3375 [418, 325, 150, 145, 241, 273, 152, 326, 383, 149, 430, 383]
599 3215 [156, 358, 440, 428, 168, 229, 192, 191, 255, 149, 407, 242]
601 3152 [317, 312, 150, 170, 274, 417, 304, 166, 165, 197, 251, 429]
602 3252 [200, 379, 425, 143, 205, 272, 378, 373, 173, 372, 172, 160]
604 3888 [195, 359, 360, 303, 427, 353, 210, 414, 355, 432, 134, 346]
605 3414 [210, 335, 306, 375, 320, 270, 139, 214, 431, 356, 287, 171]
603 3290 [284, 261, 337, 354, 363, 283, 209, 303, 282, 168, 212, 234]
606 3762 [424, 278, 392, 260, 400, 365, 344, 357, 369, 165, 233, 175]
607 3188 [428, 243, 196, 256, 328, 136, 138, 295, 182, 418, 199, 369]
609 3580 [150, 416, 167, 162, 404, 354, 302, 324, 270, 276, 437, 318]
608 3379 [274, 431, 292, 382, 320, 324, 251, 173, 304, 241, 138, 249]
610 2969 [172, 149, 263, 230, 143, 267, 321, 298, 317, 285, 284, 240]
611 3840 [207, 423, 381, 324, 264, 295, 406, 395, 307, 412, 263, 163]
612 3686 [411, 143, 395, 404, 377, 149, 183, 159, 425, 336, 440, 264]
614 3455 [366, 275, 268, 213, 238, 384, 388, 206, 387, 395, 183, 152]
613 3029 [315, 432, 241, 172, 248, 346, 179, 162, 380, 142, 196, 216]
615 3253 [396, 133, 169, 203, 327, 393, 326, 218, 257, 432, 267, 132]
616 2921 [351, 182, 168, 226, 206, 211, 156, 248, 173, 327, 429, 244]
617 3450 [377, 177, 213, 318, 339, 337, 269, 254, 415, 217, 167, 367]
619 3666 [183, 247, 337, 403, 220, 193, 399, 338, 317, 385, 274, 370]
620 3400 [159, 283, 373, 155, 369, 370, 188, 399, 190, 246, 412, 256]
618 3123 [264, 399, 269, 246, 222, 305, 131, 209, 352, 179, 406, 141]
621 3852 [376, 353, 262, 400, 412, 376, 296, 228, 315, 372, 177, 285]
622 3736 [390, 198, 306, 379, 157, 385, 425, 247, 432, 240, 418, 159]
625 3640 [321, 425, 328, 145, 361, 318, 285, 279, 411, 137, 326, 304]
624 3386 [214, 357, 269, 413, 143, 208, 427, 301, 171, 178, 420, 285]
623 3547 [430, 312, 365, 208, 145, 315, 217, 278, 403, 229, 258, 387]
627 3105 [310, 212, 387, 253, 208, 298, 324, 131, 194, 172, 412, 204]
626 3390 [188, 378, 198, 278, 430, 244, 250, 258, 188, 365, 434, 179]
630 3834 [329, 422, 153, 427, 330, 295, 309, 369, 351, 221, 325, 303]
629 3410 [227, 432, 387, 264, 438, 269, 158, 292, 223, 294, 233, 193]
628 3916 [397, 253, 189, 310, 294, 437, 438, 176, 407, 433, 353, 229]
631 3456 [358, 208, 247, 148, 240, 300, 208, 352, 440, 296, 365, 294]
632 2894 [197, 184, 192, 188, 311, 284, 328, 203, 194, 206, 414, 193]
634 3761 [310, 377, 233, 180, 434, 163, 354, 344, 370, 343, 313, 340]
635 3153 [338, 180, 288, 283, 362, 360, 259, 158, 150, 325, 295, 155]
633 3582 [410, 138, 346, 187, 283, 188, 364, 174, 369, 441, 371, 311]
636 3451 [148, 291, 405, 402, 162, 306, 440, 372, 351, 138, 300, 136]
637 3235 [173, 202, 381, 214, 195, 305, 430, 156, 282, 361, 297, 239]
640 3413 [336, 361, 258, 233, 233, 366, 212, 439, 272, 147, 208, 348]
639 3061 [151, 287, 289, 335, 199, 308, 369, 181, 231, 146, 213, 352]
638 3098 [146, 176, 176, 412, 150, 183, 216, 224, 180, 428, 418, 389]
642 3280 [260, 249, 308, 189, 224, 434, 287, 418, 197, 405, 135, 174]
641 3220 [339, 154, 429, 369, 185, 162, 181, 288, 382, 136, 246, 349]
644 2958 [376, 376, 228, 341, 165, 241, 209, 149, 227, 157, 226, 263]
645 3499 [277, 433, 401, 385, 155, 291, 249, 357, 194, 271, 204, 282]
643 3346 [131, 372, 311, 204, 152, 349, 281, 263, 432, 387, 195, 269]
647 3351 [416, 433, 189, 297, 142, 267, 310, 415, 193, 201, 333, 155]
646 3100 [299, 172, 138, 309, 412, 323, 147, 131, 308, 190, 369, 302]
648 3672 [378, 372, 144, 228, 271, 226, 402, 358, 209, 245, 401, 438]
649 3536 [406, 302, 313, 161, 150, 195, 186, 406, 340, 428, 294, 355]
650 3002 [386, 136, 275, 173, 361, 200, 321, 383, 184, 168, 217, 198]
652 3151 [161, 302, 200, 184, 173, 365, 363, 251, 296, 166, 355, 335]
651 3748 [434, 386, 202, 154, 382, 367, 224, 256, 277, 269, 410, 387]
653 3018 [283, 167, 330, 238, 141, 140, 328, 265, 348, 413, 189, 176]
654 3275 [263, 294, 206, 414, 359, 242, 207, 212, 176, 422, 220, 260]
655 3664 [351, 238, 406, 285, 428, 325, 236, 247, 377, 254, 321, 196]
656 3844 [157, 385, 424, 250, 300, 388, 160, 361, 256, 378, 363, 422]
657 3820 [440, 319, 187, 356, 284, 329, 399, 341, 365, 219, 231, 350]
660 3098 [258, 357, 317, 266, 233, 383, 144, 276, 228, 249, 246, 141]
659 3294 [236, 243, 440, 429, 275, 184, 350, 236, 163, 241, 329, 168]
658 3483 [351, 341, 231, 136, 416, 270, 387, 280, 409, 211, 311, 140]
662 2852 [302, 131, 275, 132, 173, 407, 243, 208, 249, 168, 425, 139]
661 3047 [322, 418, 229, 173, 155, 246, 237, 165, 178, 352, 374, 198]
663 4135 [186, 360, 376, 418, 413, 320, 399, 402, 172, 401, 438, 250]
665 3793 [273, 431, 172, 323, 365, 156, 327, 373, 388, 171, 433, 381]
664 3642 [266, 409, 245, 217, 316, 253, 143, 223, 349, 409, 381, 431]
666 3048 [386, 425, 432, 136, 292, 140, 136, 136, 329, 302, 199, 135]
667 3587 [258, 258, 387, 230, 252, 332, 262, 434, 193, 417, 349, 215]
669 3381 [403, 149, 175, 241, 378, 416, 337, 275, 319, 154, 259, 275]
668 3343 [193, 338, 185, 139, 433, 201, 331, 196, 355, 354, 434, 184]
670 3202 [133, 301, 318, 241, 300, 365, 132, 358, 343, 359, 168, 184]
671 3614 [401, 368, 212, 356, 324, 330, 204, 296, 264, 184, 303, 372]
672 3318 [208, 152, 437, 209, 356, 213, 298, 153, 389, 379, 268, 256]
675 3138 [303, 159, 247, 142, 411, 326, 304, 134, 323, 243, 359, 187]
674 3136 [249, 135, 280, 278, 296, 278, 227, 313, 207, 329, 227, 317]
673 3813 [331, 336, 287, 365, 337, 432, 339, 234, 346, 339, 302, 165]
676 3294 [392, 149, 175, 293, 292, 257, 281, 292, 348, 259, 367, 189]
677 3719 [427, 275, 175, 333, 346, 420, 312, 307, 158, 428, 160, 378]
679 3155 [147, 176, 245, 339, 326, 172, 436, 336, 292, 170, 223, 293]
680 3800 [156, 286, 207, 310, 408, 278, 320, 432, 377, 169, 424, 433]
678 3158 [262, 260, 235, 142, 292, 229, 371, 365, 176, 281, 314, 231]
682 3435 [131, 223, 305, 245, 377, 391, 410, 313, 211, 373, 238, 218]
681 3633 [357, 273, 310, 302, 361, 206, 326, 316, 196, 412, 243, 331]
683 3474 [296, 416, 348, 368, 211, 318, 441, 149, 365, 131, 157, 274]
684 3761 [308, 387, 278, 275, 371, 157, 313, 385, 173, 371, 320, 423]
685 3300 [175, 341, 415, 333, 135, 242, 243, 371, 161, 213, 400, 271]
686 3363 [157, 157, 417, 248, 399, 381, 202, 415, 260, 205, 231, 291]
687 3324 [171, 178, 347, 395, 149, 201, 162, 401, 259, 319, 370, 372]
690 3925 [357, 215, 351, 415, 404, 276, 425, 241, 296, 228, 306, 411]
689 3942 [189, 359, 424, 430, 379, 153, 261, 386, 317, 393, 297, 354]
688 3344 [247, 270, 219, 273, 297, 319, 419, 308, 169, 296, 394, 133]
692 3211 [164, 214, 179, 357, 238, 331, 226, 249, 251, 207, 390, 405]
691 3181 [238, 141, 131, 343, 264, 324, 399, 150, 256, 303, 345, 287]
695 3352 [321, 146, 345, 146, 385, 223, 389, 305, 178, 394, 284, 236]
694 3754 [336, 185, 347, 315, 300, 138, 416, 243, 235, 395, 421, 423]
693 3150 [323, 282, 274, 187, 193, 276, 297, 274, 167, 370, 372, 135]
696 3131 [190, 439, 287, 201, 279, 321, 134, 372, 218, 355, 167, 168]
697 3407 [211, 180, 193, 334, 254, 343, 308, 348, 331, 215, 394, 296]
699 3276 [426, 199, 372, 423, 441, 149, 359, 137, 282, 158, 131, 199]
700 3693 [412, 369, 293, 213, 287, 204, 225, 215, 411, 242, 405, 417]
698 3331 [201, 422, 201, 199, 196, 215, 238, 398, 401, 250, 340, 270]
702 3763 [260, 296, 308, 343, 318, 294, 280, 428, 350, 320, 214, 352]
701 3040 [304, 327, 188, 433, 168, 209, 222, 253, 346, 185, 166, 239]
703 3476 [291, 366, 399, 291, 192, 280, 432, 134, 299, 402, 151, 239]
704 3650 [321, 233, 355, 406, 172, 337, 143, 386, 344, 291, 237, 425]
705 3426 [196, 171, 341, 412, 342, 167, 232, 379, 243, 331, 177, 435]
707 3342 [256, 212, 283, 423, 222, 133, 265, 262, 381, 150, 328, 427]
706 3298 [269, 214, 411, 196, 230, 267, 373, 346, 164, 131, 431, 266]
709 3456 [403, 215, 165, 177, 153, 409, 363, 415, 293, 226, 255, 382]
708 3251 [149, 269, 179, 436, 436, 204, 233, 323, 314, 235, 342, 131]
710 3655 [391, 424, 393, 347, 329, 385, 257, 241, 189, 279, 167, 253]
712 3057 [313, 266, 221, 360, 131, 313, 258, 271, 405, 179, 147, 193]
711 3214 [315, 201, 312, 157, 310, 370, 163, 311, 136, 401, 281, 257]
715 3200 [192, 132, 143, 154, 413, 326, 327, 266, 392, 303, 293, 259]
714 4052 [420, 286, 397, 399, 212, 439, 439, 435, 414, 176, 184, 251]
713 3460 [283, 173, 302, 409, 173, 414, 328, 306, 247, 371, 222, 232]
717 3518 [324, 255, 298, 384, 184, 147, 321, 229, 374, 426, 324, 252]
716 3328 [132, 236, 141, 236, 191, 436, 417, 183, 410, 172, 353, 421]
718 2985 [394, 161, 250, 134, 237, 343, 281, 324, 368, 204, 135, 154]
720 3348 [148, 253, 188, 162, 363, 326, 151, 383, 339, 438, 194, 403]
719 2878 [285, 400, 171, 158, 212, 296, 166, 340, 216, 147, 350, 137]
721 2956 [278, 333, 203, 246, 206, 337, 138, 207, 268, 164, 307, 269]
722 3112 [303, 210, 426, 194, 209, 317, 283, 252, 365, 214, 207, 132]
725 3165 [386, 228, 198, 346, 149, 191, 294, 220, 197, 383, 305, 268]
724 3637 [325, 236, 240, 193, 208, 423, 203, 363, 324, 269, 412, 441]
723 3420 [304, 338, 303, 304, 175, 367, 385, 370, 245, 267, 210, 152]
726 3451 [433, 435, 287, 295, 262, 137, 147, 211, 229, 280, 402, 333]
727 3416 [235, 377, 356, 234, 287, 296, 267, 414, 413, 163, 201, 173]
729 3773 [188, 195, 433, 327, 374, 378, 267, 342, 359, 199, 396, 315]
728 3707 [339, 395, 349, 161, 377, 362, 293, 133, 413, 178, 272, 435]
730 3090 [378, 138, 280, 240, 352, 207, 221, 300, 152, 200, 374, 248]
731 3160 [338, 370, 266, 301, 220, 174, 219, 210, 215, 226, 201, 420]
732 2956 [135, 297, 200, 245, 411, 222, 204, 186, 286, 179, 231, 360]
733 3029 [200, 136, 166, 326, 349, 303, 208, 272, 207, 149, 408, 305]
734 3363 [139, 243, 318, 357, 364, 401, 372, 249, 340, 273, 161, 146]
735 3459 [208, 402, 189, 204, 365, 404, 185, 295, 220, 283, 432, 272]
736 4034 [271, 424, 427, 274, 145, 328, 426, 438, 319, 412, 278, 292]
737 3453 [238, 386, 250, 174, 239, 394, 240, 323, 323, 262, 376, 248]
739 2922 [134, 411, 181, 275, 189, 271, 312, 145, 292, 365, 142, 205]
738 3340 [285, 408, 283, 249, 340, 246, 186, 249, 361, 167, 350, 216]
740 2982 [151, 292, 219, 336, 204, 220, 254, 135, 262, 385, 220, 304]
742 3896 [360, 420, 162, 386, 283, 394, 441, 327, 433, 133, 341, 216]
741 3907 [437, 254, 332, 314, 439, 260, 374, 276, 292, 166, 326, 437]
743 3512 [434, 199, 404, 395, 239, 191, 325, 420, 206, 201, 231, 267]
745 3470 [150, 264, 218, 167, 300, 412, 263, 408, 374, 429, 173, 312]
744 3636 [409, 318, 411, 199, 199, 383, 416, 331, 344, 284, 196, 146]
746 3740 [343, 431, 164, 364, 372, 142, 389, 245, 232, 429, 262, 367]
747 3389 [167, 365, 438, 153, 437, 336, 225, 170, 267, 259, 382, 190]
748 2976 [196, 358, 161, 273, 271, 382, 164, 156, 346, 337, 178, 154]
749 3029 [268, 154, 437, 418, 243, 161, 223, 174, 281, 157, 295, 218]
750 4027 [404, 242, 243, 414, 243, 430, 330, 303, 391, 311, 368, 348]
751 4288 [148, 410, 336, 321, 438, 386, 379, 373, 409, 389, 291, 408]
752 3140 [214, 409, 200, 341, 390, 151, 257, 166, 167, 396, 148, 301]
753 3260 [374, 147, 282, 393, 182, 242, 234, 235, 301, 171, 279, 420]
754 3825 [251, 170, 438, 437, 302, 257, 236, 440, 388, 421, 195, 290]
755 3539 [289, 194, 316, 214, 334, 241, 274, 380, 157, 382, 369, 389]
757 3636 [375, 330, 299, 391, 181, 432, 249, 340, 259, 218, 232, 330]
756 3181 [328, 314, 161, 183, 170, 234, 172, 416, 374, 297, 208, 324]
759 3160 [138, 276, 303, 282, 144, 403, 164, 275, 240, 290, 247, 398]
760 3164 [135, 286, 339, 139, 196, 339, 347, 393, 257, 228, 305, 200]
758 2845 [312, 172, 137, 187, 167, 399, 280, 291, 142, 440, 152, 166]
761 3697 [385, 260, 374, 413, 330, 214, 270, 209, 437, 147, 424, 234]
762 3448 [296, 269, 182, 145, 425, 168, 436, 365, 186, 412, 206, 358]
763 3504 [389, 161, 148, 286, 240, 368, 319, 313, 260, 350, 410, 260]
764 3052 [187, 266, 318, 410, 231, 235, 270, 171, 144, 372, 173, 275]
765 3318 [201, 283, 208, 417, 320, 198, 369, 136, 249, 359, 386, 192]
767 3668 [426, 174, 273, 216, 260, 376, 435, 323, 275, 292, 382, 236]
766 4002 [439, 223, 391, 270, 431, 392, 335, 426, 429, 172, 279, 215]
770 3615 [408, 266, 367, 189, 287, 336, 431, 135, 248, 273, 357, 318]
768 3378 [271, 277, 251, 348, 366, 260, 139, 367, 285, 401, 279, 134]
769 4010 [237, 354, 316, 441, 240, 376, 435, 303, 436, 318, 205, 349]
772 3727 [205, 354, 325, 318, 313, 395, 260, 315, 271, 268, 299, 404]
771 2941 [180, 413, 137, 287, 291, 383, 414, 181, 162, 137, 224, 132]
773 3064 [222, 337, 195, 179, 440, 349, 150, 380, 220, 141, 142, 309]
774 3283 [151, 262, 288, 132, 337, 415, 282, 327, 335, 259, 211, 284]
775 3737 [280, 338, 362, 279, 339, 437, 370, 203, 318, 421, 148, 242]
777 3208 [158, 337, 161, 371, 384, 373, 140, 197, 378, 169, 226, 314]
776 3814 [305, 346, 226, 353, 409, 353, 219, 287, 357, 241, 304, 414]
778 3140 [220, 219, 200, 415, 366, 236, 247, 155, 417, 159, 219, 287]
779 3798 [278, 372, 226, 336, 297, 221, 440, 429, 198, 401, 403, 197]
780 3739 [188, 344, 194, 191, 432, 422, 286, 375, 348, 264, 302, 393]
781 3103 [160, 362, 413, 254, 181, 155, 146, 245, 275, 319, 422, 171]
782 3133 [415, 320, 389, 142, 253, 186, 138, 310, 285, 190, 189, 316]
785 3575 [224, 135, 418, 193, 333, 426, 186, 396, 281, 356, 311, 316]
784 3531 [281, 329, 390, 176, 391, 293, 332, 417, 202, 145, 159, 416]
783 3593 [244, 212, 434, 229, 428, 318, 192, 276, 403, 368, 228, 261]
787 3394 [178, 393, 258, 440, 346, 247, 150, 170, 333, 395, 173, 311]
786 3637 [240, 365, 290, 382, 258, 397, 208, 414, 301, 237, 306, 239]
788 2999 [259, 216, 151, 438, 263, 314, 205, 198, 267, 246, 169, 273]
790 3285 [427, 147, 176, 284, 320, 182, 439, 316, 152, 327, 193, 322]
789 3977 [268, 309, 400, 436, 350, 357, 244, 363, 236, 393, 363, 258]
792 3469 [325, 355, 414, 357, 153, 210, 355, 274, 177, 186, 427, 236]
791 3254 [241, 374, 292, 355, 199, 216, 351, 150, 163, 325, 315, 273]
795 3701 [418, 378, 278, 250, 168, 244, 320, 315, 396, 253, 260, 421]
794 3070 [238, 179, 306, 173, 305, 255, 327, 164, 255, 316, 354, 198]
793 3401 [244, 203, 247, 410, 421, 283, 292, 213, 225, 309, 136, 418]
796 3611 [252, 272, 249, 305, 336, 296, 209, 235, 339, 318, 418, 382]
797 3807 [276, 382, 224, 395, 439, 274, 429, 288, 172, 160, 370, 398]
800 3163 [243, 336, 162, 181, 203, 240, 412, 228, 182, 412, 244, 320]
799 3335 [362, 403, 152, 252, 234, 253, 311, 242, 269, 179, 395, 283]
798 3106 [239, 216, 325, 171, 393, 295, 144, 380, 224, 160, 270, 289]
801 2816 [149, 183, 212, 173, 131, 142, 306, 419, 150, 254, 289, 408]
802 3192 [131, 306, 219, 242, 427, 305, 176, 170, 169, 337, 417, 293]
804 3663 [387, 309, 374, 176, 431, 195, 271, 266, 193, 389, 423, 249]
803 3639 [318, 428, 161, 421, 424, 299, 288, 167, 183, 308, 327, 315]
805 3467 [173, 366, 216, 341, 436, 391, 392, 328, 148, 223, 213, 240]
806 3715 [154, 289, 318, 391, 322, 329, 340, 335, 331, 345, 337, 224]
807 2621 [214, 157, 151, 227, 209, 254, 182, 265, 162, 426, 208, 166]
808 3208 [414, 243, 354, 358, 328, 210, 144, 258, 249, 137, 349, 164]
810 3399 [273, 257, 381, 199, 175, 284, 180, 332, 399, 306, 309, 304]
809 3353 [205, 406, 405, 308, 226, 174, 278, 190, 214, 391, 300, 256]
811 4044 [324, 435, 240, 307, 249, 273, 439, 337, 408, 370, 436, 226]
812 3437 [224, 209, 357, 296, 396, 287, 375, 257, 271, 204, 392, 169]
815 3965 [394, 306, 348, 334, 394, 274, 278, 392, 366, 316, 167, 396]
814 3701 [403, 400, 307, 266, 411, 193, 417, 308, 201, 257, 152, 386]
813 3629 [374, 224, 383, 213, 196, 268, 418, 412, 172, 337, 218, 414]
816 3757 [391, 151, 143, 318, 265, 433, 384, 419, 360, 425, 244, 224]
817 4068 [349, 293, 340, 363, 424, 147, 429, 257, 401, 351, 369, 345]
819 3417 [382, 243, 438, 166, 300, 368, 176, 156, 154, 342, 326, 366]
818 3433 [436, 296, 260, 328, 175, 316, 242, 148, 414, 219, 392, 207]
820 3961 [206, 411, 208, 312, 382, 354, 346, 305, 425, 348, 379, 285]
822 3510 [147, 333, 260, 436, 432, 149, 328, 362, 277, 229, 387, 170]
821 3631 [211, 383, 167, 180, 171, 147, 332, 401, 419, 362, 434, 424]
825 3083 [303, 176, 197, 143, 193, 260, 238, 325, 402, 175, 284, 387]
824 3742 [204, 412, 394, 224, 276, 240, 399, 314, 280, 368, 317, 314]
823 3985 [288, 393, 180, 388, 342, 344, 291, 425, 419, 270, 387, 258]
827 4115 [396, 369, 230, 388, 412, 396, 298, 363, 201, 379, 251, 432]
826 3205 [303, 170, 373, 258, 213, 317, 228, 219, 189, 377, 325, 233]
828 3414 [418, 153, 195, 345, 186, 264, 242, 238, 416, 250, 431, 276]
829 3428 [193, 320, 238, 310, 318, 251, 279, 283, 137, 326, 338, 435]
830 3132 [251, 297, 430, 289, 145, 206, 132, 299, 339, 195, 398, 151]
831 3393 [306, 405, 366, 195, 212, 263, 289, 290, 214, 230, 182, 441]
832 3781 [374, 285, 299, 255, 403, 301, 388, 163, 312, 331, 395, 275]
835 3489 [330, 288, 213, 213, 352, 311, 192, 302, 350, 264, 423, 251]
834 3952 [363, 428, 363, 221, 390, 357, 234, 328, 296, 258, 351, 363]
833 3532 [390, 373, 278, 362, 333, 284, 270, 191, 155, 255, 268, 373]
836 3362 [431, 295, 292, 261, 242, 196, 309, 335, 293, 286, 197, 225]
837 3668 [279, 329, 199, 131, 206, 278, 354, 341, 333, 430, 362, 426]
839 3228 [428, 260, 294, 226, 173, 214, 184, 295, 264, 144, 343, 403]
840 3530 [419, 224, 172, 304, 292, 270, 190, 373, 261, 315, 333, 377]
838 3309 [311, 186, 192, 337, 440, 252, 147, 393, 213, 398, 238, 202]
841 3687 [274, 341, 285, 210, 426, 331, 275, 324, 258, 283, 364, 316]
842 3483 [349, 226, 431, 409, 172, 236, 211, 196, 159, 401, 294, 399]
845 3325 [285, 168, 236, 405, 240, 280, 235, 411, 143, 304, 394, 224]
844 3875 [423, 409, 361, 253, 197, 217, 399, 258, 343, 362, 228, 425]
843 3426 [321, 404, 271, 251, 259, 404, 213, 249, 154, 368, 276, 256]
846 3364 [261, 335, 321, 367, 143, 198, 249, 304, 272, 359, 421, 134]
847 3910 [336, 410, 343, 320, 164, 142, 387, 282, 406, 256, 438, 426]
849 2695 [163, 200, 183, 209, 167, 396, 207, 356, 244, 238, 160, 172]
848 3565 [347, 410, 342, 410, 189, 273, 316, 206, 254, 396, 171, 251]
850 3557 [315, 379, 280, 315, 384, 376, 198, 160, 186, 437, 238, 289]
851 3517 [184, 207, 223, 336, 216, 214, 408, 373, 260, 366, 366, 364]
852 3163 [176, 198, 261, 233, 247, 283, 373, 333, 217, 151, 345, 346]
855 3350 [358, 441, 360, 157, 273, 226, 150, 418, 350, 189, 220, 208]
854 3914 [309, 231, 302, 426, 361, 314, 412, 196, 306, 365, 309, 383]
853 3449 [245, 354, 365, 291, 328, 311, 418, 251, 198, 254, 301, 133]
857 3520 [398, 429, 333, 330, 138, 187, 197, 396, 277, 387, 302, 146]
856 3766 [240, 289, 321, 245, 383, 398, 386, 414, 322, 159, 412, 197]
858 3690 [216, 213, 244, 302, 236, 290, 432, 410, 357, 440, 329, 221]
859 3317 [431, 222, 397, 229, 222, 160, 342, 209, 188, 335, 169, 413]
860 3912 [419, 353, 395, 195, 240, 424, 314, 412, 216, 196, 398, 350]
862 3345 [252, 336, 231, 325, 215, 217, 164, 389, 261, 326, 413, 216]
861 3647 [279, 375, 366, 223, 340, 195, 210, 236, 405, 393, 380, 245]
863 3562 [165, 394, 329, 205, 369, 432, 283, 267, 374, 222, 161, 361]
864 3688 [304, 377, 254, 187, 174, 324, 439, 347, 421, 295, 394, 172]
865 3246 [283, 440, 215, 202, 381, 368, 196, 174, 198, 396, 158, 235]
867 3325 [258, 335, 292, 219, 216, 314, 316, 281, 237, 149, 430, 278]
866 3096 [175, 218, 303, 201, 140, 419, 402, 197, 184, 356, 308, 193]
868 3158 [380, 144, 275, 303, 405, 171, 146, 264, 301, 288, 332, 149]
870 3345 [371, 144, 194, 399, 315, 172, 313, 276, 284, 317, 378, 182]
869 3081 [266, 280, 159, 408, 420, 315, 145, 288, 139, 265, 236, 160]
872 2942 [421, 211, 141, 144, 325, 191, 235, 175, 152, 194, 408, 345]
871 3097 [133, 147, 174, 306, 154, 393, 204, 193, 434, 380, 326, 253]
873 3034 [288, 369, 194, 203, 145, 153, 156, 401, 223, 157, 384, 361]
875 3282 [214, 425, 172, 344, 218, 398, 166, 224, 419, 207, 158, 337]
874 3476 [385, 362, 218, 137, 181, 411, 306, 328, 158, 302, 368, 320]
877 3831 [298, 190, 348, 432, 315, 324, 230, 265, 295, 382, 324, 428]
876 3579 [413, 441, 173, 135, 356, 137, 261, 256, 288, 267, 426, 426]
878 3449 [150, 397, 333, 288, 133, 163, 437, 342, 402, 187, 322, 295]
879 3259 [131, 168, 440, 431, 229, 147, 418, 136, 299, 296, 347, 217]
880 3166 [362, 244, 235, 344, 213, 267, 143, 159, 335, 305, 279, 280]
882 3533 [252, 240, 382, 293, 322, 288, 272, 193, 343, 355, 183, 410]
881 3478 [164, 380, 174, 416, 436, 148, 137, 395, 294, 287, 280, 367]
884 3519 [359, 187, 405, 180, 195, 163, 353, 310, 315, 292, 368, 392]
883 3820 [302, 376, 230, 205, 217, 309, 336, 431, 346, 232, 415, 421]
885 2421 [145, 136, 147, 151, 209, 153, 372, 289, 172, 199, 275, 173]
887 3257 [169, 237, 404, 404, 276, 149, 144, 332, 425, 248, 209, 260]
886 3448 [185, 266, 316, 431, 421, 395, 251, 247, 131, 273, 229, 303]
889 3867 [412, 371, 366, 383, 397, 296, 324, 408, 230, 168, 157, 355]
890 3122 [241, 306, 180, 222, 358, 328, 300, 440, 139, 174, 242, 192]
888 3293 [246, 391, 345, 183, 322, 327, 202, 148, 300, 181, 286, 362]
892 3345 [200, 352, 360, 389, 352, 282, 226, 158, 393, 302, 189, 142]
891 3554 [426, 415, 255, 356, 209, 138, 183, 332, 304, 363, 167, 406]
895 3224 [141, 287, 436, 175, 225, 196, 250, 301, 208, 413, 320, 272]
893 3663 [365, 389, 134, 377, 178, 398, 370, 192, 402, 373, 198, 287]
894 3722 [186, 334, 331, 363, 276, 279, 400, 435, 293, 303, 388, 134]
897 3173 [436, 154, 144, 195, 135, 242, 213, 206, 368, 441, 351, 288]
896 3252 [300, 332, 305, 419, 182, 258, 149, 277, 211, 157, 410, 252]
898 3741 [388, 362, 300, 317, 212, 269, 411, 392, 319, 134, 336, 301]
900 3677 [441, 239, 394, 335, 190, 348, 378, 136, 208, 435, 169, 404]
899 3219 [234, 330, 380, 134, 191, 396, 298, 158, 424, 153, 222, 299]
901 3066 [289, 228, 275, 172, 313, 278, 257, 180, 362, 159, 142, 411]
902 2750 [169, 140, 142, 147, 434, 336, 175, 434, 158, 310, 159, 146]
904 3682 [379, 413, 312, 417, 148, 344, 161, 305, 214, 248, 309, 432]
905 3549 [400, 182, 207, 408, 330, 304, 225, 375, 357, 154, 317, 290]
903 3400 [279, 226, 203, 409, 409, 280, 218, 288, 401, 151, 393, 143]
907 2754 [210, 172, 150, 201, 320, 418, 132, 333, 221, 227, 196, 174]
906 3418 [262, 183, 213, 320, 400, 132, 250, 368, 330, 369, 275, 316]
909 3817 [336, 340, 419, 326, 245, 350, 420, 264, 232, 184, 340, 361]
908 3072 [383, 141, 245, 206, 260, 296, 154, 246, 179, 298, 358, 306]
910 2825 [206, 331, 255, 291, 215, 185, 144, 426, 147, 221, 135, 269]
911 3586 [341, 194, 404, 236, 244, 301, 430, 322, 181, 360, 329, 244]
912 3466 [403, 418, 286, 359, 240, 133, 208, 239, 285, 371, 226, 298]
914 3456 [133, 412, 196, 329, 220, 256, 227, 384, 350, 313, 342, 294]
915 2805 [211, 235, 160, 162, 250, 235, 331, 140, 135, 162, 357, 427]
913 3203 [213, 369, 165, 153, 183, 301, 417, 160, 245, 340, 218, 439]
917 3486 [182, 401, 227, 219, 346, 307, 182, 434, 185, 343, 263, 397]
916 3779 [193, 294, 363, 414, 324, 334, 280, 318, 215, 381, 230, 433]
918 3170 [433, 347, 206, 291, 148, 174, 347, 301, 148, 307, 148, 320]
920 3339 [175, 413, 168, 290, 185, 288, 284, 370, 259, 254, 433, 220]
919 2873 [308, 195, 229, 280, 131, 256, 333, 206, 194, 207, 268, 266]
921 2983 [296, 159, 271, 244, 430, 413, 203, 140, 256, 170, 186, 215]
922 3538 [431, 254, 386, 188, 385, 300, 437, 251, 237, 190, 339, 140]
923 3647 [397, 398, 207, 401, 228, 425, 131, 392, 232, 276, 160, 400]
924 3405 [319, 370, 170, 425, 186, 306, 336, 199, 284, 186, 301, 323]
925 3466 [226, 431, 325, 188, 337, 293, 204, 326, 371, 388, 246, 131]
927 4255 [347, 415, 341, 441, 150, 417, 360, 341, 369, 432, 269, 373]
926 3557 [182, 425, 392, 395, 401, 263, 437, 179, 233, 186, 212, 252]
928 3437 [224, 380, 347, 146, 317, 266, 298, 365, 420, 214, 175, 285]
930 2962 [262, 180, 133, 430, 209, 378, 131, 189, 202, 342, 260, 246]
929 3584 [354, 304, 243, 408, 224, 147, 331, 145, 396, 362, 253, 417]
931 2966 [243, 192, 220, 226, 268, 209, 142, 418, 208, 378, 323, 139]
932 3449 [319, 174, 251, 194, 333, 430, 152, 391, 384, 384, 202, 235]
934 3502 [290, 389, 408, 233, 136, 246, 281, 167, 180, 434, 406, 332]
935 3645 [314, 414, 291, 268, 346, 220, 262, 441, 315, 148, 287, 339]
933 3905 [432, 377, 281, 137, 350, 437, 232, 307, 293, 187, 441, 431]
937 3470 [437, 259, 380, 364, 155, 203, 345, 372, 146, 415, 172, 222]
936 2809 [268, 421, 282, 135, 171, 142, 262, 226, 184, 256, 166, 296]
938 3579 [342, 150, 322, 295, 405, 165, 192, 325, 287, 403, 367, 326]
940 2913 [149, 302, 142, 167, 211, 282, 180, 361, 132, 418, 160, 409]
939 3658 [169, 187, 260, 172, 333, 423, 309, 204, 392, 395, 419, 395]
941 3439 [303, 221, 281, 423, 242, 230, 193, 273, 389, 335, 185, 364]
942 3305 [440, 138, 225, 212, 249, 391, 382, 322, 186, 325, 195, 240]
944 3060 [211, 242, 169, 150, 142, 397, 286, 437, 248, 209, 155, 414]
943 3667 [209, 437, 423, 169, 332, 332, 331, 150, 319, 360, 357, 248]
945 3790 [169, 304, 395, 376, 366, 294, 242, 409, 336, 134, 396, 369]
947 3714 [229, 318, 353, 290, 305, 361, 142, 332, 381, 184, 382, 437]
946 3755 [330, 226, 380, 372, 332, 323, 327, 166, 408, 164, 422, 305]
950 3185 [285, 398, 371, 419, 143, 258, 228, 133, 207, 273, 285, 185]
949 3047 [188, 336, 148, 299, 201, 211, 315, 164, 430, 235, 366, 154]
948 3178 [257, 199, 304, 181, 181, 324, 387, 206, 417, 212, 227, 283]
951 3448 [203, 227, 402, 136, 429, 290, 234, 247, 433, 256, 339, 252]
952 3334 [180, 347, 250, 262, 177, 385, 272, 402, 138, 366, 220, 335]
953 3745 [432, 398, 294, 160, 345, 405, 440, 274, 322, 330, 204, 141]
954 3746 [258, 209, 194, 357, 392, 207, 390, 327, 417, 235, 368, 392]
955 3039 [131, 142, 400, 432, 199, 234, 206, 276, 219, 169, 409, 222]
956 3509 [305, 249, 251, 264, 152, 307, 415, 304, 308, 295, 416, 243]
957 2924 [143, 260, 134, 209, 177, 208, 219, 239, 323, 441, 211, 360]
960 3307 [361, 181, 262, 421, 260, 401, 220, 269, 314, 176, 132, 310]
959 3768 [412, 208, 295, 230, 381, 164, 295, 336, 304, 394, 380, 369]
958 3803 [247, 179, 424, 170, 269, 187, 300, 428, 407, 409, 423, 360]
962 4058 [383, 365, 297, 365, 347, 131, 431, 399, 333, 331, 309, 367]
961 3215 [402, 131, 390, 291, 131, 142, 334, 392, 243, 290, 297, 172]
963 3820 [407, 377, 256, 425, 208, 399, 366, 416, 202, 249, 370, 145]
965 2825 [287, 142, 307, 228, 180, 196, 167, 242, 381, 201, 189, 305]
964 3271 [404, 182, 271, 281, 400, 136, 171, 162, 301, 338, 265, 360]
967 3906 [277, 319, 299, 348, 380, 217, 408, 263, 284, 359, 350, 402]
966 3453 [400, 216, 159, 399, 441, 395, 299, 198, 157, 433, 219, 137]
970 2813 [387, 280, 355, 284, 156, 147, 143, 216, 191, 199, 276, 179]
969 3460 [162, 386, 287, 132, 242, 411, 330, 404, 293, 146, 279, 388]
968 3189 [337, 433, 395, 243, 161, 281, 168, 177, 415, 157, 261, 161]
971 2750 [267, 286, 133, 163, 298, 243, 221, 195, 404, 138, 168, 234]
972 3347 [352, 139, 324, 344, 282, 362, 195, 224, 142, 194, 388, 401]
975 2839 [289, 173, 159, 410, 321, 190, 238, 250, 182, 211, 283, 133]
973 3343 [216, 341, 158, 253, 301, 433, 223, 412, 376, 132, 259, 239]
974 2934 [339, 299, 291, 347, 147, 321, 131, 146, 207, 284, 290, 132]
976 3271 [183, 147, 200, 242, 221, 231, 196, 417, 431, 411, 323, 269]
977 3075 [268, 292, 209, 228, 371, 298, 202, 199, 206, 402, 185, 215]
979 3550 [326, 369, 218, 349, 433, 324, 244, 224, 215, 181, 280, 387]
980 3169 [332, 330, 173, 188, 169, 219, 274, 402, 368, 151, 419, 144]
978 3053 [137, 338, 168, 292, 351, 214, 140, 216, 222, 136, 405, 434]
981 3179 [228, 186, 352, 204, 194, 180, 414, 182, 384, 268, 212, 375]
982 2968 [425, 195, 236, 226, 194, 383, 184, 275, 231, 238, 160, 221]
985 3373 [344, 358, 380, 153, 294, 178, 287, 338, 196, 322, 289, 234]
984 3329 [199, 239, 219, 150, 251, 405, 419, 197, 413, 169, 369, 299]
983 3609 [434, 140, 392, 179, 155, 320, 437, 409, 198, 143, 394, 408]
986 3843 [421, 383, 296, 406, 429, 269, 292, 300, 203, 342, 302, 200]
987 3112 [253, 206, 202, 219, 150, 298, 183, 304, 421, 215, 350, 311]
989 3223 [328, 287, 290, 147, 312, 211, 215, 423, 272, 400, 159, 179]
990 3594 [281, 413, 151, 401, 377, 298, 238, 133, 369, 304, 291, 338]
988 3705 [232, 251, 438, 331, 263, 436, 166, 249, 319, 404, 410, 206]
991 3029 [220, 296, 235, 385, 269, 191, 219, 275, 235, 259, 253, 192]
992 3796 [279, 375, 343, 359, 347, 391, 222, 137, 362, 425, 266, 290]
994 3581 [333, 244, 277, 322, 227, 325, 331, 324, 227, 375, 305, 291]
995 3266 [238, 403, 413, 205, 235, 364, 315, 224, 309, 237, 135, 188]
993 3316 [249, 142, 424, 341, 198, 161, 377, 298, 413, 147, 369, 197]
996 3475 [390, 220, 194, 210, 401, 358, 393, 214, 314, 235, 160, 386]
997 3492 [374, 303, 282, 197, 184, 391, 320, 247, 182, 283, 338, 391]
998 2869 [153, 351, 311, 208, 307, 209, 248, 142, 327, 142, 322, 149]
1000 3135 [375, 340, 314, 220, 205, 230, 157, 307, 167, 383, 169, 268]
999 3937 [351, 414, 296, 408, 369, 325, 376, 189, 355, 149, 368, 337]
