
10 3103 [291, 114, 388, 369, 107, 177, 370, 307, 294, 307, 234, 145]
13 2312 [297, 209, 158, 122, 231, 127, 206, 260, 215, 87, 148, 252]
11 2833 [179, 249, 387, 243, 337, 239, 92, 280, 374, 146, 97, 210]
12 3041 [357, 183, 147, 275, 108, 314, 324, 262, 376, 287, 274, 134]
14 3167 [372, 103, 189, 382, 319, 308, 109, 281, 357, 125, 376, 246]
18 2760 [203, 196, 277, 162, 252, 268, 147, 268, 101, 189, 325, 372]
17 2877 [255, 265, 250, 155, 368, 152, 78, 323, 338, 285, 117, 291]
20 2973 [210, 262, 92, 292, 256, 269, 132, 378, 375, 274, 82, 351]
15 2747 [112, 162, 283, 264, 179, 327, 207, 282, 208, 302, 337, 84]
19 2323 [172, 109, 355, 144, 85, 142, 152, 295, 362, 150, 223, 134]
16 2915 [375, 211, 88, 164, 328, 232, 388, 341, 190, 296, 180, 122]
22 2888 [299, 129, 103, 245, 318, 380, 175, 335, 318, 243, 217, 126]
23 2466 [315, 144, 194, 80, 259, 211, 108, 130, 366, 333, 191, 135]
21 2672 [257, 114, 307, 160, 371, 342, 134, 220, 106, 163, 349, 149]
25 3432 [326, 361, 116, 293, 149, 146, 366, 388, 360, 199, 380, 348]
24 2938 [347, 312, 316, 102, 106, 349, 282, 221, 221, 227, 243, 212]
26 2371 [107, 326, 117, 78, 122, 78, 255, 113, 163, 342, 346, 324]
29 3035 [79, 192, 372, 281, 85, 108, 237, 325, 376, 300, 294, 386]
28 3098 [365, 380, 185, 137, 276, 233, 329, 230, 250, 243, 208, 262]
30 3029 [380, 259, 185, 297, 150, 104, 354, 338, 271, 310, 79, 302]
27 2573 [239, 134, 372, 87, 192, 371, 104, 219, 327, 98, 108, 322]
31 2729 [191, 219, 293, 361, 131, 268, 272, 380, 139, 219, 153, 103]
32 2693 [78, 243, 123, 354, 104, 155, 179, 232, 384, 241, 264, 336]
33 2823 [257, 148, 191, 330, 257, 258, 245, 214, 218, 355, 254, 96]
34 2938 [124, 354, 364, 97, 175, 309, 125, 251, 383, 123, 307, 326]
35 2586 [99, 249, 157, 354, 232, 178, 170, 318, 160, 261, 327, 81]
36 2679 [194, 273, 261, 228, 193, 185, 148, 164, 279, 312, 315, 127]
37 2414 [217, 114, 323, 201, 216, 120, 336, 161, 208, 178, 194, 146]
38 2810 [265, 290, 135, 227, 80, 361, 271, 240, 236, 347, 114, 244]
39 3192 [323, 186, 340, 341, 355, 147, 294, 309, 81, 272, 294, 250]
40 2574 [175, 167, 261, 306, 135, 215, 337, 120, 108, 314, 358, 78]
41 3043 [360, 300, 147, 344, 290, 283, 200, 269, 181, 245, 163, 261]
42 2502 [267, 257, 100, 252, 189, 114, 123, 363, 212, 95, 378, 152]
43 2599 [137, 318, 161, 166, 214, 360, 200, 238, 134, 110, 364, 197]
44 3668 [376, 257, 327, 369, 383, 291, 137, 276, 366, 256, 357, 273]
45 3429 [378, 335, 286, 131, 342, 286, 343, 365, 167, 358, 254, 184]
46 2576 [355, 344, 237, 136, 137, 292, 197, 177, 79, 182, 200, 240]
47 2520 [105, 110, 280, 100, 100, 273, 304, 268, 277, 249, 193, 261]
48 2691 [324, 373, 176, 377, 263, 129, 220, 148, 89, 143, 128, 321]
49 2735 [107, 383, 94, 158, 216, 310, 181, 272, 147, 386, 386, 95]
50 2955 [221, 333, 368, 318, 226, 172, 139, 218, 371, 314, 114, 161]
51 2726 [82, 364, 185, 375, 367, 119, 335, 245, 95, 138, 82, 339]
==========***** 2021-01-10 11:12:19 start to log *****==========
54 3095 [218, 347, 178, 351, 356, 370, 134, 352, 386, 100, 161, 142]
53 3154 [112, 278, 298, 320, 365, 143, 247, 282, 309, 157, 366, 277]
55 2106 [320, 152, 122, 185, 225, 334, 110, 105, 181, 146, 114, 112]
52 2712 [315, 363, 176, 102, 281, 270, 130, 261, 125, 250, 180, 259]
56 2830 [114, 294, 284, 169, 222, 187, 177, 247, 349, 354, 213, 220]
57 2541 [313, 162, 278, 256, 327, 233, 251, 268, 105, 78, 94, 176]
61 2799 [299, 294, 341, 240, 337, 106, 111, 259, 132, 79, 266, 335]
58 2613 [265, 97, 96, 270, 265, 206, 325, 116, 175, 195, 377, 226]
59 2511 [140, 100, 189, 227, 122, 207, 298, 83, 362, 259, 173, 351]
62 2944 [385, 254, 181, 170, 231, 233, 331, 102, 372, 353, 174, 158]
60 2624 [316, 108, 355, 219, 183, 320, 155, 359, 261, 140, 82, 126]
63 3061 [337, 256, 174, 293, 288, 232, 346, 169, 257, 134, 240, 335]
64 2938 [113, 201, 298, 242, 314, 161, 330, 214, 192, 97, 388, 388]
67 2500 [269, 229, 140, 339, 118, 284, 200, 208, 192, 79, 176, 266]
65 2570 [133, 240, 248, 255, 240, 256, 89, 168, 289, 144, 267, 241]
66 2800 [229, 285, 144, 83, 332, 277, 321, 237, 186, 242, 291, 173]
69 3371 [129, 96, 303, 358, 308, 287, 320, 354, 244, 319, 307, 346]
68 2603 [163, 145, 79, 177, 149, 367, 89, 115, 251, 339, 388, 341]
71 2980 [202, 217, 110, 320, 270, 158, 266, 102, 335, 282, 373, 345]
72 2575 [192, 301, 91, 306, 161, 179, 253, 91, 199, 308, 144, 350]
70 2892 [196, 158, 238, 355, 347, 388, 165, 367, 275, 80, 182, 141]
75 3416 [176, 294, 375, 359, 238, 259, 271, 177, 266, 340, 325, 336]
73 3417 [253, 287, 373, 215, 287, 329, 161, 361, 316, 364, 330, 141]
74 2629 [252, 102, 253, 108, 183, 343, 183, 212, 207, 229, 282, 275]
77 3099 [134, 265, 151, 297, 354, 297, 141, 300, 110, 380, 332, 338]
78 2742 [375, 193, 112, 318, 173, 245, 218, 334, 191, 104, 284, 195]
81 3275 [228, 228, 325, 375, 231, 344, 153, 349, 145, 261, 345, 291]
76 2786 [139, 348, 165, 265, 137, 288, 165, 311, 243, 250, 184, 291]
==========***** 2021-01-10 11:14:02 start to log *****==========
79 2908 [300, 132, 369, 196, 327, 348, 291, 311, 282, 186, 78, 88]
82 2915 [366, 91, 91, 369, 92, 341, 306, 125, 164, 269, 348, 353]
80 2178 [89, 79, 88, 282, 382, 134, 135, 92, 274, 328, 202, 93]
84 2750 [251, 258, 209, 287, 342, 122, 223, 111, 329, 212, 215, 191]
83 3106 [219, 381, 244, 244, 357, 274, 364, 78, 232, 120, 380, 213]
86 2889 [242, 133, 316, 97, 351, 136, 136, 227, 373, 375, 344, 159]
88 3094 [296, 259, 168, 286, 320, 353, 352, 336, 188, 231, 204, 101]
85 2496 [78, 374, 159, 185, 303, 315, 114, 115, 193, 118, 260, 282]
87 2953 [340, 225, 318, 345, 105, 338, 218, 305, 86, 267, 103, 303]
90 2443 [265, 248, 89, 132, 140, 328, 171, 173, 174, 311, 96, 316]
95 3259 [348, 341, 298, 208, 382, 246, 319, 191, 386, 218, 176, 146]
96 2303 [300, 148, 322, 264, 104, 179, 102, 344, 172, 98, 131, 139]
97 2564 [281, 241, 154, 239, 120, 374, 223, 185, 127, 262, 138, 220]
98 2592 [210, 182, 143, 332, 112, 206, 335, 215, 234, 139, 103, 381]
99 2675 [299, 221, 308, 93, 252, 382, 100, 179, 224, 107, 128, 382]
100 2894 [180, 331, 109, 359, 267, 239, 209, 119, 372, 115, 247, 347]
101 2399 [221, 160, 346, 365, 101, 342, 126, 163, 158, 131, 78, 208]
102 2647 [230, 257, 236, 336, 349, 307, 192, 172, 100, 126, 84, 258]
103 2709 [161, 89, 198, 339, 323, 350, 203, 183, 219, 190, 332, 122]
104 2694 [365, 153, 164, 108, 273, 216, 198, 256, 211, 217, 263, 270]
109 3257 [257, 293, 371, 90, 375, 171, 331, 128, 311, 352, 307, 271]
108 3098 [227, 352, 81, 380, 171, 337, 248, 305, 252, 84, 375, 286]
107 2659 [167, 177, 302, 102, 183, 375, 246, 187, 145, 190, 225, 360]
106 2617 [170, 138, 192, 320, 246, 248, 294, 286, 88, 177, 312, 146]
105 2604 [234, 320, 227, 199, 197, 107, 339, 221, 113, 277, 201, 169]
110 3203 [277, 260, 224, 372, 275, 382, 214, 126, 302, 252, 164, 355]
111 3416 [375, 354, 237, 217, 313, 361, 168, 302, 135, 265, 324, 365]
112 2491 [253, 157, 85, 84, 166, 89, 261, 193, 284, 260, 335, 324]
113 2872 [204, 132, 199, 301, 236, 357, 94, 354, 242, 305, 131, 317]
114 3009 [322, 123, 95, 282, 111, 156, 382, 388, 261, 375, 178, 336]
115 2806 [332, 132, 346, 347, 341, 320, 126, 101, 290, 241, 103, 127]
116 2152 [281, 105, 188, 116, 161, 159, 180, 220, 115, 131, 255, 241]
117 2706 [370, 130, 220, 363, 376, 128, 108, 183, 366, 143, 131, 188]
118 2735 [197, 179, 343, 177, 120, 359, 375, 128, 201, 180, 168, 308]
119 2717 [166, 173, 205, 213, 212, 313, 264, 177, 249, 290, 170, 285]
120 2467 [164, 294, 165, 147, 111, 153, 341, 198, 320, 139, 202, 233]
121 3002 [171, 290, 156, 349, 296, 357, 320, 226, 105, 330, 246, 156]
122 2980 [180, 296, 171, 271, 278, 168, 368, 176, 382, 189, 341, 160]
123 2783 [133, 172, 189, 285, 234, 253, 180, 383, 164, 202, 202, 386]
124 3292 [366, 380, 238, 228, 306, 150, 323, 290, 229, 131, 335, 316]
125 2798 [88, 335, 118, 272, 378, 147, 365, 308, 206, 222, 132, 227]
126 3023 [140, 299, 165, 89, 375, 275, 184, 342, 313, 355, 233, 253]
127 2552 [210, 359, 347, 268, 208, 169, 165, 167, 87, 111, 117, 344]
128 3617 [324, 328, 264, 334, 240, 385, 265, 384, 323, 280, 223, 267]
129 2131 [266, 86, 251, 101, 112, 202, 139, 325, 233, 78, 215, 123]
130 2849 [172, 320, 302, 237, 341, 308, 173, 292, 167, 141, 188, 208]
131 2929 [380, 320, 298, 93, 100, 317, 221, 311, 201, 242, 316, 130]
132 3229 [281, 324, 248, 359, 242, 228, 315, 377, 175, 189, 143, 348]
133 3040 [305, 89, 300, 285, 307, 269, 362, 230, 366, 149, 192, 186]
134 2865 [224, 232, 297, 140, 145, 336, 164, 286, 264, 228, 163, 386]
135 2044 [165, 344, 204, 79, 207, 78, 235, 97, 162, 106, 287, 80]
136 3026 [277, 331, 152, 282, 174, 385, 94, 256, 376, 348, 226, 125]
137 2881 [222, 141, 190, 373, 288, 188, 156, 361, 261, 303, 120, 278]
138 2756 [92, 336, 101, 285, 374, 320, 367, 372, 186, 145, 95, 83]
139 3305 [379, 297, 268, 112, 180, 212, 351, 366, 296, 324, 267, 253]
140 2496 [80, 105, 275, 246, 355, 271, 191, 151, 89, 285, 331, 117]
141 2904 [256, 267, 283, 386, 238, 285, 290, 256, 287, 151, 91, 114]
142 3008 [355, 317, 78, 273, 111, 258, 123, 341, 142, 326, 375, 309]
143 2625 [242, 155, 211, 289, 336, 310, 303, 275, 87, 162, 83, 172]
144 2827 [90, 326, 202, 388, 178, 314, 90, 243, 376, 305, 156, 159]
145 3093 [126, 331, 223, 359, 111, 311, 272, 270, 326, 166, 348, 250]
146 2455 [216, 146, 125, 284, 199, 245, 123, 233, 217, 245, 329, 93]
147 2664 [157, 225, 360, 292, 208, 180, 335, 99, 159, 165, 236, 248]
148 3159 [322, 289, 269, 172, 382, 224, 136, 318, 301, 265, 223, 258]
149 2254 [244, 320, 93, 78, 161, 304, 111, 140, 299, 93, 105, 306]
150 2920 [307, 78, 129, 176, 306, 273, 381, 302, 356, 363, 135, 114]
151 2461 [355, 123, 292, 249, 286, 239, 95, 101, 285, 202, 100, 134]
152 2979 [95, 301, 179, 343, 371, 279, 136, 202, 347, 227, 283, 216]
153 2924 [281, 281, 271, 366, 332, 207, 179, 325, 86, 140, 275, 181]
154 2901 [227, 168, 273, 237, 335, 195, 333, 381, 142, 88, 148, 374]
155 2570 [153, 187, 325, 96, 210, 101, 312, 178, 207, 116, 360, 325]
156 2863 [357, 206, 222, 256, 318, 166, 246, 195, 174, 313, 320, 90]
157 2727 [244, 158, 281, 191, 156, 165, 365, 137, 125, 173, 374, 358]
158 2385 [188, 294, 281, 164, 112, 189, 109, 278, 127, 223, 227, 193]
159 2892 [257, 379, 244, 79, 143, 290, 316, 175, 382, 181, 212, 234]
160 2989 [130, 85, 184, 316, 269, 324, 332, 128, 370, 355, 136, 360]
161 3063 [306, 353, 250, 356, 106, 149, 173, 216, 109, 379, 324, 342]
162 2775 [119, 384, 222, 78, 109, 287, 267, 270, 245, 367, 260, 167]
163 2282 [158, 185, 164, 163, 202, 81, 137, 89, 338, 236, 199, 330]
164 1838 [123, 174, 132, 143, 87, 80, 165, 101, 213, 388, 117, 115]
165 2575 [125, 276, 136, 273, 212, 194, 324, 209, 311, 80, 272, 163]
166 3118 [286, 359, 86, 256, 255, 206, 123, 266, 280, 383, 246, 372]
167 2568 [276, 140, 222, 323, 88, 102, 286, 123, 123, 334, 374, 177]
168 2915 [150, 362, 268, 120, 383, 305, 343, 148, 141, 278, 247, 170]
169 3260 [371, 362, 260, 304, 261, 114, 245, 355, 153, 315, 273, 247]
170 2670 [136, 270, 381, 275, 138, 262, 78, 82, 236, 305, 295, 212]
171 3401 [160, 387, 169, 350, 310, 202, 387, 380, 324, 374, 116, 242]
172 2781 [261, 236, 184, 368, 119, 177, 229, 258, 305, 79, 311, 254]
173 2551 [250, 327, 325, 293, 134, 171, 213, 109, 214, 269, 151, 95]
174 3151 [324, 315, 241, 321, 364, 273, 296, 314, 128, 195, 268, 112]
175 2517 [80, 273, 337, 120, 147, 255, 270, 172, 195, 119, 256, 293]
176 3001 [330, 284, 102, 331, 386, 233, 255, 308, 103, 323, 208, 138]
177 3107 [360, 347, 368, 106, 327, 149, 276, 223, 90, 206, 328, 327]
178 3137 [250, 224, 189, 195, 171, 288, 301, 314, 301, 254, 297, 353]
179 2974 [381, 330, 283, 278, 192, 380, 136, 275, 260, 100, 236, 123]
180 3086 [232, 382, 234, 250, 314, 208, 361, 186, 85, 342, 275, 217]
181 2891 [261, 349, 199, 300, 290, 140, 109, 263, 227, 304, 135, 314]
182 2919 [255, 202, 95, 223, 344, 162, 208, 357, 283, 332, 259, 199]
183 2989 [150, 276, 348, 172, 334, 102, 338, 295, 327, 161, 369, 117]
184 2226 [272, 82, 224, 359, 87, 182, 117, 264, 213, 181, 89, 156]
185 2905 [276, 117, 226, 93, 239, 274, 384, 352, 228, 252, 344, 120]
186 2862 [383, 217, 346, 215, 262, 270, 273, 80, 256, 279, 165, 116]
187 2520 [223, 113, 274, 113, 110, 212, 381, 298, 367, 193, 138, 98]
188 2533 [268, 132, 292, 239, 136, 122, 196, 332, 344, 85, 135, 252]
189 2613 [119, 224, 137, 157, 126, 230, 90, 254, 228, 341, 360, 347]
190 2465 [216, 97, 90, 354, 261, 290, 176, 136, 384, 263, 91, 107]
191 2572 [214, 84, 146, 110, 338, 231, 326, 138, 370, 163, 358, 94]
192 2970 [214, 119, 384, 323, 212, 287, 173, 216, 292, 177, 206, 367]
193 2691 [327, 374, 78, 140, 234, 199, 315, 306, 103, 190, 330, 95]
194 2740 [95, 355, 337, 136, 207, 228, 224, 279, 78, 384, 339, 78]
195 3247 [383, 367, 343, 341, 330, 224, 113, 321, 224, 122, 132, 347]
196 3300 [240, 338, 368, 261, 333, 273, 370, 243, 249, 94, 167, 364]
197 3238 [385, 354, 171, 328, 371, 98, 134, 247, 234, 348, 317, 251]
198 2521 [89, 163, 122, 307, 161, 364, 280, 185, 266, 94, 378, 112]
199 3099 [315, 323, 365, 237, 178, 319, 199, 105, 221, 258, 297, 282]
200 2836 [383, 318, 300, 299, 310, 86, 199, 210, 153, 79, 339, 160]
201 2302 [172, 264, 136, 238, 284, 168, 191, 92, 83, 244, 181, 249]
202 2835 [310, 83, 161, 190, 366, 248, 260, 262, 345, 255, 217, 138]
203 2456 [223, 106, 167, 214, 191, 85, 120, 188, 352, 207, 216, 387]
204 2518 [87, 275, 91, 344, 282, 114, 320, 250, 261, 210, 145, 139]
205 2704 [275, 113, 170, 243, 151, 346, 367, 119, 212, 108, 376, 224]
206 2699 [123, 92, 248, 272, 316, 130, 113, 298, 128, 373, 298, 308]
207 3049 [268, 112, 348, 93, 288, 343, 161, 234, 329, 384, 130, 359]
208 3301 [80, 265, 183, 245, 350, 220, 353, 283, 344, 286, 308, 384]
209 2740 [84, 368, 309, 250, 171, 132, 365, 151, 129, 205, 239, 337]
210 2825 [255, 354, 242, 173, 159, 361, 369, 185, 78, 314, 99, 236]
211 2826 [91, 275, 196, 351, 338, 263, 188, 135, 112, 365, 199, 313]
212 3363 [375, 333, 318, 329, 259, 195, 191, 325, 354, 228, 239, 217]
213 2336 [135, 172, 88, 80, 200, 125, 382, 273, 81, 372, 314, 114]
214 3108 [278, 171, 285, 260, 286, 218, 172, 221, 317, 341, 310, 249]
215 2490 [338, 153, 90, 146, 195, 345, 309, 319, 206, 116, 146, 127]
216 2879 [216, 144, 263, 186, 271, 386, 214, 366, 322, 230, 116, 165]
217 2617 [263, 103, 175, 154, 224, 183, 112, 353, 320, 204, 381, 145]
218 3309 [326, 156, 329, 303, 373, 275, 201, 374, 379, 234, 181, 178]
219 3016 [192, 362, 321, 102, 170, 186, 224, 299, 374, 170, 384, 232]
220 2774 [284, 101, 187, 362, 128, 126, 330, 101, 358, 157, 277, 363]
221 2714 [271, 337, 248, 344, 377, 350, 162, 81, 97, 116, 144, 187]
222 2656 [348, 116, 155, 81, 130, 382, 194, 290, 341, 266, 240, 113]
223 3123 [282, 78, 341, 361, 141, 319, 304, 327, 364, 173, 238, 195]
224 2635 [279, 197, 166, 358, 137, 299, 257, 182, 286, 103, 192, 179]
225 2632 [307, 359, 78, 277, 209, 323, 83, 290, 265, 206, 133, 102]
226 2894 [332, 166, 90, 314, 228, 357, 143, 273, 108, 240, 293, 350]
227 3104 [115, 199, 288, 374, 260, 351, 255, 311, 177, 226, 172, 376]
228 2125 [145, 237, 250, 90, 367, 117, 275, 86, 86, 128, 192, 152]
229 2733 [294, 236, 186, 308, 200, 306, 195, 124, 141, 144, 365, 234]
230 2857 [158, 188, 292, 296, 345, 220, 289, 203, 361, 118, 234, 153]
231 2766 [150, 317, 208, 129, 133, 307, 147, 212, 244, 358, 294, 267]
232 2653 [354, 130, 276, 136, 150, 207, 259, 185, 383, 167, 194, 212]
233 2998 [246, 113, 256, 210, 176, 250, 260, 357, 240, 226, 290, 374]
234 2678 [104, 148, 365, 273, 287, 94, 330, 288, 300, 252, 146, 91]
235 2997 [95, 90, 218, 371, 123, 379, 368, 103, 294, 347, 280, 329]
236 2664 [126, 225, 308, 151, 280, 145, 386, 195, 196, 208, 213, 231]
237 2443 [248, 152, 203, 160, 224, 342, 98, 196, 339, 181, 93, 207]
238 2660 [79, 199, 366, 84, 293, 361, 225, 150, 142, 204, 221, 336]
239 2550 [290, 174, 202, 172, 179, 180, 159, 222, 223, 316, 331, 102]
240 3043 [165, 275, 360, 368, 358, 263, 293, 217, 144, 118, 321, 161]
241 3051 [135, 305, 372, 256, 111, 293, 283, 91, 223, 335, 285, 362]
242 2027 [135, 113, 152, 78, 165, 207, 166, 78, 302, 295, 158, 178]
243 3436 [387, 340, 278, 145, 388, 378, 192, 180, 383, 320, 261, 184]
244 2704 [140, 185, 329, 147, 292, 135, 248, 229, 139, 342, 357, 161]
245 2618 [218, 350, 140, 357, 167, 172, 126, 204, 81, 300, 308, 195]
246 2852 [153, 369, 149, 243, 168, 85, 384, 135, 323, 292, 345, 206]
247 2905 [265, 198, 298, 376, 157, 214, 109, 199, 336, 215, 183, 355]
248 2914 [239, 152, 131, 258, 333, 175, 184, 294, 175, 343, 284, 346]
249 2947 [206, 313, 333, 121, 80, 327, 134, 250, 371, 318, 132, 362]
250 2609 [248, 115, 116, 298, 359, 238, 222, 118, 377, 211, 202, 105]
251 2540 [135, 174, 176, 175, 266, 226, 172, 330, 278, 139, 270, 199]
252 2353 [102, 267, 109, 316, 234, 130, 268, 266, 81, 83, 125, 372]
253 2714 [102, 359, 239, 269, 301, 83, 242, 250, 141, 319, 178, 231]
254 3082 [335, 106, 218, 288, 350, 251, 209, 121, 275, 263, 317, 349]
255 2379 [320, 78, 200, 98, 265, 319, 149, 172, 168, 134, 265, 211]
256 3104 [251, 264, 338, 113, 136, 302, 223, 297, 126, 315, 380, 359]
257 2493 [271, 264, 280, 107, 107, 380, 83, 332, 132, 171, 89, 277]
258 2440 [333, 80, 140, 154, 386, 80, 147, 200, 245, 259, 314, 102]
259 2298 [163, 129, 176, 353, 200, 114, 182, 99, 159, 192, 374, 157]
260 2654 [164, 290, 324, 104, 238, 232, 222, 373, 131, 175, 147, 254]
261 2289 [287, 158, 81, 145, 104, 335, 147, 106, 334, 100, 359, 133]
262 2971 [140, 224, 379, 279, 148, 297, 78, 115, 333, 374, 254, 350]
263 3133 [296, 348, 211, 254, 162, 366, 318, 375, 280, 81, 158, 284]
264 2106 [89, 277, 132, 105, 97, 96, 242, 221, 148, 229, 383, 87]
265 2658 [356, 261, 164, 217, 244, 348, 111, 169, 219, 254, 86, 229]
266 2528 [91, 177, 238, 100, 292, 144, 128, 388, 276, 303, 218, 173]
267 3299 [177, 331, 375, 286, 260, 188, 210, 370, 331, 309, 122, 340]
268 2577 [135, 339, 223, 151, 144, 233, 121, 96, 285, 221, 312, 317]
269 2613 [147, 368, 78, 305, 245, 191, 207, 83, 153, 259, 235, 342]
270 2868 [243, 210, 330, 155, 211, 250, 380, 371, 175, 191, 151, 201]
271 2151 [93, 144, 227, 151, 122, 362, 167, 301, 126, 81, 221, 156]
272 3200 [388, 300, 370, 281, 206, 365, 172, 254, 183, 138, 359, 184]
273 2198 [220, 87, 170, 371, 106, 251, 206, 106, 285, 94, 195, 107]
274 2854 [204, 272, 178, 255, 379, 270, 318, 82, 126, 212, 365, 193]
275 2201 [244, 336, 120, 141, 355, 138, 113, 141, 143, 228, 164, 78]
276 2854 [384, 134, 216, 277, 297, 234, 175, 237, 136, 327, 117, 320]
277 2428 [178, 121, 314, 108, 134, 260, 349, 300, 99, 122, 294, 149]
278 2602 [185, 294, 269, 87, 90, 216, 248, 247, 80, 248, 359, 279]
279 2971 [331, 143, 363, 112, 378, 340, 226, 96, 85, 224, 352, 321]
280 2638 [275, 87, 109, 252, 288, 215, 141, 167, 223, 285, 346, 250]
281 2290 [157, 168, 108, 141, 376, 365, 110, 137, 80, 198, 89, 361]
282 2904 [255, 163, 235, 309, 346, 141, 269, 243, 357, 85, 282, 219]
283 2977 [227, 245, 92, 240, 193, 373, 267, 274, 277, 360, 271, 158]
284 3191 [208, 346, 291, 145, 220, 358, 277, 129, 170, 339, 375, 333]
285 2871 [251, 171, 90, 173, 159, 199, 217, 315, 334, 387, 372, 203]
286 1999 [116, 268, 276, 198, 171, 161, 118, 103, 209, 150, 126, 103]
287 2868 [263, 352, 215, 275, 317, 132, 157, 290, 109, 327, 305, 126]
288 2960 [369, 125, 350, 131, 129, 268, 334, 263, 239, 356, 97, 299]
289 2663 [123, 177, 361, 383, 91, 251, 102, 219, 253, 239, 354, 110]
290 2751 [335, 204, 223, 314, 353, 369, 78, 266, 292, 146, 91, 80]
291 2831 [320, 280, 244, 329, 308, 136, 255, 95, 186, 270, 228, 180]
292 3345 [329, 207, 280, 385, 365, 344, 286, 275, 350, 117, 89, 318]
293 2907 [369, 379, 288, 169, 223, 289, 195, 136, 131, 210, 288, 230]
294 2282 [107, 155, 211, 254, 84, 175, 264, 310, 233, 96, 240, 153]
295 3356 [348, 215, 155, 355, 273, 297, 318, 296, 388, 267, 119, 325]
296 2841 [96, 370, 208, 81, 286, 163, 148, 329, 252, 244, 301, 363]
297 2553 [115, 224, 146, 89, 154, 325, 235, 88, 345, 310, 198, 324]
298 3091 [99, 291, 243, 353, 212, 335, 219, 273, 296, 319, 153, 298]
299 2989 [317, 295, 176, 372, 200, 228, 216, 165, 178, 251, 324, 267]
300 2885 [193, 374, 150, 343, 314, 286, 168, 321, 147, 279, 91, 219]
301 1909 [301, 175, 100, 192, 88, 146, 196, 226, 82, 103, 157, 143]
302 3053 [242, 350, 275, 313, 358, 252, 270, 227, 146, 101, 272, 247]
303 3269 [305, 198, 192, 158, 168, 378, 243, 254, 341, 377, 301, 354]
304 3094 [248, 314, 264, 377, 292, 378, 109, 140, 324, 304, 81, 263]
305 2747 [156, 381, 79, 299, 380, 276, 95, 360, 191, 195, 114, 221]
306 2691 [165, 300, 162, 147, 362, 380, 315, 104, 106, 322, 218, 110]
307 2963 [196, 363, 344, 144, 239, 120, 90, 299, 379, 239, 222, 328]
308 2768 [117, 335, 378, 316, 165, 107, 123, 331, 272, 166, 248, 210]
309 2346 [90, 159, 90, 363, 315, 116, 362, 151, 259, 210, 97, 134]
310 2417 [169, 290, 321, 112, 97, 155, 103, 223, 252, 336, 212, 147]
311 2566 [299, 87, 108, 217, 370, 209, 312, 79, 79, 125, 371, 310]
312 2868 [183, 278, 79, 388, 374, 149, 255, 255, 344, 83, 328, 152]
313 2740 [327, 142, 78, 327, 305, 253, 151, 381, 175, 159, 184, 258]
314 2347 [108, 174, 105, 165, 327, 336, 222, 171, 283, 177, 129, 150]
315 2806 [300, 163, 354, 94, 344, 341, 142, 117, 105, 195, 273, 378]
316 2232 [257, 112, 286, 91, 167, 249, 128, 235, 155, 169, 235, 148]
317 3307 [357, 133, 293, 189, 207, 296, 387, 217, 240, 353, 301, 334]
318 2969 [363, 372, 205, 172, 112, 142, 336, 266, 372, 236, 102, 291]
319 2282 [327, 78, 167, 185, 136, 301, 121, 235, 140, 285, 222, 85]
320 2787 [364, 214, 149, 186, 91, 215, 360, 192, 234, 80, 377, 325]
321 2977 [158, 193, 330, 318, 113, 286, 161, 167, 297, 378, 281, 295]
322 2665 [241, 216, 198, 83, 233, 140, 138, 283, 117, 361, 296, 359]
323 2754 [172, 153, 288, 240, 351, 192, 285, 282, 284, 174, 252, 81]
324 2409 [168, 267, 264, 142, 98, 222, 335, 190, 172, 152, 83, 316]
325 2837 [101, 264, 382, 345, 84, 246, 347, 96, 165, 219, 201, 387]
326 2871 [335, 125, 199, 199, 187, 210, 220, 115, 336, 201, 364, 380]
327 3257 [366, 353, 374, 191, 336, 216, 273, 215, 363, 119, 140, 311]
328 3068 [276, 174, 128, 259, 294, 275, 123, 363, 244, 362, 197, 373]
329 2954 [111, 369, 316, 121, 331, 128, 375, 314, 154, 269, 251, 215]
330 2700 [309, 82, 174, 358, 78, 340, 388, 322, 142, 139, 188, 180]
331 3000 [129, 328, 126, 384, 108, 255, 224, 320, 318, 304, 222, 282]
332 2533 [183, 216, 233, 116, 328, 260, 144, 186, 138, 160, 233, 336]
333 2919 [268, 137, 359, 134, 217, 96, 185, 223, 275, 353, 350, 322]
334 2698 [214, 350, 284, 191, 190, 134, 367, 220, 313, 114, 167, 154]
335 2775 [348, 238, 118, 94, 320, 253, 217, 91, 201, 323, 268, 304]
336 2163 [322, 206, 169, 190, 122, 214, 106, 89, 202, 111, 171, 261]
337 2621 [144, 193, 179, 218, 261, 193, 178, 159, 193, 352, 294, 257]
338 2681 [84, 223, 81, 138, 366, 79, 147, 310, 292, 356, 378, 227]
339 3084 [165, 245, 238, 343, 383, 187, 233, 367, 218, 215, 316, 174]
340 2107 [120, 169, 136, 141, 227, 179, 234, 213, 197, 260, 101, 130]
341 3206 [342, 167, 383, 315, 79, 249, 309, 239, 220, 328, 357, 218]
342 2818 [199, 264, 369, 141, 91, 202, 107, 197, 387, 343, 135, 383]
343 2201 [86, 132, 380, 321, 88, 122, 138, 197, 165, 144, 260, 168]
344 3049 [274, 120, 387, 274, 90, 352, 235, 250, 176, 386, 341, 164]
345 3031 [386, 205, 155, 98, 266, 295, 137, 388, 326, 266, 230, 279]
346 2808 [241, 217, 96, 230, 374, 228, 134, 385, 358, 184, 198, 163]
347 2579 [115, 180, 265, 94, 318, 376, 110, 120, 240, 302, 239, 220]
348 2468 [101, 315, 241, 187, 162, 221, 158, 318, 127, 84, 319, 235]
349 2640 [266, 141, 123, 216, 141, 350, 163, 357, 211, 240, 320, 112]
350 2275 [341, 188, 160, 283, 167, 154, 196, 110, 190, 139, 82, 265]
351 2636 [298, 134, 303, 195, 134, 208, 237, 267, 246, 257, 115, 242]
352 2665 [295, 104, 100, 300, 280, 130, 144, 182, 272, 378, 382, 98]
353 2646 [170, 111, 255, 291, 328, 342, 173, 308, 132, 210, 188, 138]
354 2163 [153, 143, 274, 80, 105, 120, 190, 211, 124, 301, 177, 285]
355 2079 [235, 101, 101, 272, 140, 96, 204, 195, 233, 204, 185, 113]
356 2936 [350, 296, 185, 272, 90, 278, 287, 141, 372, 257, 250, 158]
357 2459 [128, 313, 182, 158, 362, 338, 139, 93, 169, 270, 117, 190]
358 2799 [174, 235, 125, 82, 323, 196, 338, 275, 335, 184, 317, 215]
359 2765 [129, 180, 346, 385, 326, 131, 372, 176, 161, 224, 180, 155]
360 3026 [385, 192, 233, 358, 277, 242, 195, 360, 374, 82, 209, 119]
361 2872 [153, 178, 150, 325, 353, 341, 219, 209, 106, 335, 360, 143]
362 3127 [265, 255, 292, 371, 293, 353, 136, 282, 122, 383, 237, 138]
363 2712 [315, 141, 239, 193, 190, 166, 114, 344, 187, 275, 346, 202]
364 2965 [225, 199, 273, 226, 203, 245, 345, 298, 359, 117, 200, 275]
365 2624 [243, 98, 203, 147, 104, 172, 262, 344, 78, 341, 371, 261]
366 2416 [145, 175, 201, 83, 348, 79, 102, 293, 181, 300, 175, 334]
367 2563 [151, 253, 143, 127, 292, 161, 306, 85, 199, 383, 359, 104]
368 3320 [331, 245, 125, 253, 385, 251, 288, 379, 150, 349, 302, 262]
369 2649 [317, 156, 168, 354, 215, 201, 235, 179, 240, 234, 193, 157]
370 2647 [174, 358, 276, 363, 126, 127, 323, 199, 91, 312, 129, 169]
371 2506 [163, 301, 138, 90, 319, 138, 264, 369, 99, 97, 376, 152]
372 2822 [387, 82, 382, 322, 366, 83, 138, 99, 103, 286, 238, 336]
373 3025 [375, 110, 352, 377, 229, 260, 118, 226, 329, 99, 201, 349]
374 2718 [163, 263, 272, 226, 351, 326, 323, 266, 84, 80, 241, 123]
375 2798 [274, 132, 295, 145, 386, 234, 234, 101, 262, 177, 330, 228]
376 2706 [271, 241, 317, 142, 174, 276, 127, 259, 88, 239, 232, 340]
377 3020 [352, 207, 78, 281, 378, 353, 248, 272, 205, 255, 196, 195]
378 2563 [143, 206, 260, 161, 269, 93, 91, 346, 107, 336, 370, 181]
379 2398 [348, 198, 106, 253, 144, 359, 109, 256, 158, 99, 158, 210]
380 2363 [129, 304, 161, 257, 180, 145, 185, 343, 204, 139, 122, 194]
381 2136 [158, 221, 141, 109, 94, 229, 266, 134, 313, 143, 172, 156]
382 3144 [301, 304, 101, 331, 309, 214, 277, 303, 260, 232, 388, 124]
383 2462 [131, 155, 294, 153, 260, 298, 111, 386, 151, 79, 351, 93]
384 2636 [200, 168, 124, 258, 160, 294, 296, 197, 233, 166, 255, 285]
385 2840 [214, 281, 348, 120, 126, 310, 312, 152, 238, 323, 295, 121]
386 2849 [357, 131, 271, 363, 278, 198, 200, 140, 330, 238, 113, 230]
387 3230 [285, 206, 310, 290, 353, 220, 329, 242, 169, 343, 153, 330]
388 2256 [220, 130, 317, 136, 210, 95, 259, 144, 94, 80, 334, 237]
389 3037 [277, 203, 327, 271, 275, 198, 209, 321, 103, 245, 241, 367]
390 2778 [136, 189, 297, 290, 81, 130, 97, 291, 308, 251, 356, 352]
391 2948 [143, 247, 308, 314, 315, 269, 291, 171, 336, 116, 81, 357]
392 2714 [298, 189, 155, 79, 253, 202, 324, 222, 312, 80, 349, 251]
393 3404 [385, 190, 332, 288, 144, 335, 386, 332, 304, 387, 111, 210]
394 2817 [105, 87, 290, 338, 326, 150, 278, 380, 342, 118, 124, 279]
395 3075 [148, 270, 369, 341, 360, 152, 242, 234, 81, 196, 322, 360]
396 2980 [194, 384, 335, 206, 259, 94, 205, 276, 188, 309, 161, 369]
397 3084 [385, 138, 263, 200, 244, 350, 362, 143, 268, 230, 127, 374]
398 2982 [325, 349, 280, 316, 197, 260, 218, 272, 220, 207, 143, 195]
399 3442 [234, 383, 326, 330, 267, 383, 320, 324, 78, 209, 205, 383]
400 3266 [166, 272, 145, 145, 258, 364, 362, 379, 214, 377, 259, 325]
401 2663 [160, 219, 246, 148, 379, 307, 197, 277, 212, 125, 308, 85]
402 2676 [332, 297, 196, 363, 228, 112, 159, 202, 354, 212, 115, 106]
403 2568 [94, 230, 83, 342, 116, 343, 243, 179, 128, 308, 340, 162]
404 3374 [358, 358, 157, 252, 147, 169, 313, 371, 385, 278, 362, 224]
405 2818 [151, 369, 218, 204, 140, 78, 139, 285, 355, 367, 256, 256]
406 2404 [299, 108, 272, 92, 105, 176, 333, 182, 231, 235, 128, 243]
407 2716 [243, 186, 162, 271, 132, 186, 155, 315, 122, 272, 304, 368]
408 2527 [217, 233, 178, 129, 253, 90, 186, 303, 156, 99, 321, 362]
409 2535 [274, 215, 303, 114, 284, 242, 120, 113, 373, 251, 120, 126]
410 2919 [79, 240, 184, 313, 128, 355, 366, 387, 358, 176, 139, 194]
411 2694 [311, 185, 343, 117, 94, 170, 157, 217, 253, 279, 312, 256]
412 2271 [175, 90, 275, 386, 131, 79, 102, 123, 164, 322, 136, 288]
413 2740 [261, 252, 304, 101, 329, 115, 263, 150, 338, 147, 110, 370]
414 2440 [176, 128, 93, 127, 317, 127, 248, 248, 388, 106, 335, 147]
415 3111 [295, 239, 106, 382, 239, 266, 378, 187, 191, 240, 272, 316]
416 2836 [242, 206, 122, 158, 350, 369, 365, 163, 87, 296, 139, 339]
417 2588 [357, 137, 288, 292, 82, 244, 125, 106, 192, 148, 326, 291]
418 2687 [142, 272, 352, 112, 266, 104, 112, 301, 210, 312, 157, 347]
419 3280 [266, 261, 293, 364, 289, 325, 239, 384, 210, 371, 185, 93]
420 2564 [171, 79, 162, 122, 78, 340, 227, 241, 294, 308, 254, 288]
421 2417 [108, 198, 222, 156, 377, 128, 249, 207, 200, 141, 182, 249]
422 3188 [171, 164, 341, 294, 139, 257, 374, 356, 315, 299, 329, 149]
423 2767 [313, 273, 265, 169, 192, 135, 350, 376, 91, 138, 125, 340]
424 3041 [168, 98, 346, 376, 282, 277, 135, 350, 163, 185, 364, 297]
425 2973 [298, 211, 252, 314, 338, 323, 193, 239, 157, 110, 206, 332]
426 2655 [272, 310, 152, 106, 362, 80, 180, 291, 374, 107, 111, 310]
427 2298 [134, 189, 262, 173, 105, 181, 117, 232, 331, 281, 175, 118]
428 2457 [112, 291, 96, 286, 248, 100, 145, 103, 202, 317, 225, 332]
429 2753 [149, 216, 121, 168, 216, 368, 189, 200, 291, 345, 383, 107]
430 2412 [208, 134, 132, 247, 155, 152, 121, 282, 236, 278, 92, 375]
431 2944 [218, 330, 204, 267, 329, 162, 262, 114, 205, 295, 192, 366]
432 3314 [335, 167, 284, 257, 239, 301, 339, 266, 320, 338, 320, 148]
433 2763 [145, 360, 158, 322, 147, 387, 363, 140, 254, 85, 102, 300]
434 3190 [314, 273, 339, 369, 209, 177, 327, 178, 304, 301, 239, 160]
435 2734 [110, 215, 254, 374, 166, 308, 360, 78, 161, 85, 338, 285]
436 2457 [360, 84, 177, 120, 303, 123, 177, 151, 282, 371, 120, 189]
437 3237 [380, 299, 310, 171, 193, 320, 372, 208, 307, 342, 157, 178]
438 2373 [96, 95, 216, 219, 374, 151, 157, 162, 233, 127, 231, 312]
439 2490 [161, 253, 155, 105, 137, 122, 159, 333, 330, 195, 337, 203]
440 2590 [204, 207, 257, 286, 248, 108, 202, 371, 285, 117, 146, 159]
441 2874 [248, 373, 106, 78, 350, 142, 280, 273, 262, 382, 297, 83]
442 2486 [298, 220, 247, 274, 309, 181, 200, 324, 83, 131, 113, 106]
443 3359 [312, 208, 169, 354, 239, 378, 224, 371, 230, 317, 253, 304]
444 2650 [307, 134, 242, 272, 234, 233, 134, 194, 365, 98, 151, 286]
445 2726 [152, 258, 331, 251, 277, 318, 343, 130, 141, 101, 280, 144]
446 2649 [144, 238, 252, 251, 162, 312, 139, 321, 129, 146, 225, 330]
447 3123 [124, 254, 330, 350, 85, 376, 367, 297, 257, 346, 106, 231]
448 2952 [152, 382, 137, 197, 305, 324, 267, 290, 244, 322, 91, 241]
449 2916 [281, 273, 307, 154, 179, 349, 226, 376, 91, 104, 216, 360]
450 2021 [229, 121, 155, 103, 100, 133, 151, 216, 110, 241, 247, 215]
451 2597 [105, 174, 160, 319, 198, 377, 159, 109, 129, 354, 166, 347]
452 3139 [374, 93, 379, 225, 297, 165, 258, 367, 226, 229, 320, 206]
453 2611 [138, 221, 227, 195, 258, 231, 105, 298, 325, 128, 127, 358]
454 2916 [336, 187, 164, 302, 355, 282, 94, 241, 210, 333, 322, 90]
455 2900 [369, 236, 174, 145, 204, 322, 97, 249, 209, 308, 314, 273]
456 2777 [336, 203, 338, 116, 136, 117, 387, 213, 215, 200, 210, 306]
457 2791 [263, 222, 184, 122, 221, 234, 307, 269, 201, 252, 319, 197]
458 2718 [305, 373, 211, 161, 153, 85, 134, 298, 276, 238, 293, 191]
459 2674 [105, 384, 311, 289, 262, 164, 291, 84, 159, 94, 224, 307]
460 2661 [192, 214, 237, 315, 124, 364, 200, 377, 135, 79, 167, 257]
461 2627 [110, 373, 310, 112, 280, 336, 182, 203, 149, 245, 223, 104]
462 2689 [328, 218, 154, 326, 331, 234, 287, 146, 130, 143, 232, 160]
463 2949 [98, 244, 319, 380, 241, 228, 166, 207, 291, 99, 323, 353]
464 2924 [266, 118, 327, 364, 236, 110, 186, 326, 302, 236, 352, 101]
465 2585 [287, 78, 310, 121, 297, 171, 264, 205, 367, 199, 180, 106]
466 2585 [385, 264, 154, 364, 278, 82, 258, 83, 80, 188, 210, 239]
467 3368 [351, 175, 347, 279, 346, 307, 128, 326, 191, 316, 388, 214]
468 2108 [253, 306, 378, 102, 178, 103, 78, 90, 81, 237, 197, 105]
469 3252 [371, 245, 136, 359, 116, 252, 293, 360, 363, 230, 253, 274]
470 2865 [140, 153, 272, 93, 285, 286, 224, 266, 374, 292, 319, 161]
471 2633 [321, 269, 136, 138, 101, 237, 189, 297, 177, 325, 205, 238]
472 2692 [94, 292, 193, 147, 244, 320, 132, 244, 264, 375, 302, 85]
473 2933 [133, 298, 184, 128, 367, 365, 238, 322, 131, 309, 127, 331]
474 2649 [178, 232, 321, 132, 173, 337, 126, 133, 224, 275, 140, 378]
475 2355 [326, 186, 148, 317, 378, 84, 165, 204, 84, 147, 144, 172]
476 3106 [321, 287, 244, 211, 122, 175, 344, 226, 352, 237, 269, 318]
477 3720 [303, 242, 329, 225, 349, 383, 244, 385, 347, 317, 284, 312]
478 2990 [331, 382, 210, 99, 155, 342, 291, 83, 117, 289, 341, 350]
479 2807 [304, 265, 236, 387, 384, 201, 124, 166, 112, 169, 101, 358]
480 3160 [357, 355, 296, 245, 85, 355, 79, 360, 337, 284, 179, 228]
481 2890 [381, 152, 348, 306, 204, 294, 290, 82, 116, 329, 237, 151]
482 2773 [236, 217, 381, 381, 289, 299, 201, 108, 134, 174, 85, 268]
483 2932 [191, 320, 224, 303, 337, 374, 229, 238, 237, 78, 299, 102]
484 2986 [372, 137, 180, 182, 226, 195, 215, 341, 369, 197, 238, 334]
485 3347 [176, 340, 357, 368, 342, 119, 301, 211, 204, 380, 193, 356]
486 3225 [251, 327, 338, 130, 383, 206, 336, 205, 262, 194, 232, 361]
487 3508 [358, 345, 270, 366, 387, 380, 333, 180, 157, 176, 335, 221]
488 3189 [367, 374, 379, 163, 147, 363, 280, 280, 268, 229, 197, 142]
489 2925 [325, 273, 85, 102, 346, 195, 386, 363, 289, 129, 305, 127]
490 2433 [180, 151, 271, 187, 234, 275, 137, 258, 138, 323, 132, 147]
491 2889 [342, 190, 130, 206, 354, 173, 381, 113, 241, 148, 385, 226]
492 3036 [256, 242, 163, 306, 297, 141, 237, 276, 317, 181, 364, 256]
493 2753 [337, 168, 220, 213, 353, 192, 155, 94, 365, 241, 297, 118]
494 3376 [199, 202, 362, 339, 182, 345, 379, 173, 200, 385, 349, 261]
495 2971 [293, 337, 307, 373, 366, 120, 121, 147, 191, 362, 153, 201]
496 2655 [178, 267, 106, 332, 204, 315, 191, 85, 367, 169, 328, 113]
497 2591 [376, 101, 246, 80, 250, 211, 122, 322, 338, 197, 173, 175]
498 3309 [364, 333, 136, 218, 220, 360, 260, 304, 208, 261, 316, 329]
499 3037 [197, 286, 283, 112, 138, 284, 338, 346, 363, 370, 181, 139]
500 2828 [243, 310, 143, 290, 80, 258, 160, 111, 377, 343, 366, 147]
501 2994 [188, 176, 135, 168, 353, 194, 378, 353, 188, 191, 373, 297]
502 2734 [267, 120, 348, 172, 214, 134, 241, 211, 233, 328, 362, 104]
503 2743 [297, 266, 246, 347, 180, 112, 116, 295, 142, 370, 218, 154]
504 2988 [247, 193, 182, 165, 220, 239, 202, 326, 385, 333, 194, 302]
505 2628 [111, 379, 146, 295, 130, 173, 198, 315, 223, 211, 204, 243]
506 2763 [383, 211, 298, 240, 296, 173, 208, 255, 182, 126, 247, 144]
507 2693 [90, 385, 154, 202, 165, 209, 221, 262, 303, 281, 189, 232]
508 2966 [184, 147, 361, 86, 388, 364, 121, 138, 280, 368, 238, 291]
509 3034 [291, 139, 247, 122, 310, 212, 329, 383, 347, 272, 139, 243]
510 2998 [316, 219, 221, 249, 250, 363, 237, 121, 350, 237, 138, 297]
511 2804 [185, 342, 78, 211, 312, 163, 189, 86, 201, 372, 342, 323]
512 2683 [248, 219, 287, 197, 356, 303, 328, 118, 273, 137, 129, 88]
513 2982 [334, 375, 298, 184, 193, 385, 118, 259, 213, 79, 271, 273]
514 3075 [165, 310, 278, 162, 373, 146, 202, 95, 362, 388, 208, 386]
515 2200 [137, 241, 154, 194, 176, 189, 307, 159, 91, 88, 229, 235]
516 2936 [178, 201, 269, 138, 319, 261, 116, 173, 267, 308, 351, 355]
517 2832 [290, 353, 180, 79, 284, 148, 122, 351, 378, 314, 97, 236]
518 3335 [286, 352, 354, 310, 300, 146, 235, 251, 370, 293, 238, 200]
519 3099 [96, 352, 328, 274, 254, 235, 312, 371, 159, 314, 165, 239]
520 2876 [154, 205, 102, 150, 332, 228, 259, 379, 366, 197, 133, 371]
521 3423 [326, 196, 193, 363, 372, 341, 303, 193, 132, 379, 308, 317]
522 2955 [197, 147, 165, 320, 362, 250, 388, 285, 321, 215, 95, 210]
523 3028 [366, 225, 169, 348, 382, 80, 322, 78, 134, 293, 244, 387]
524 2969 [102, 271, 213, 187, 319, 312, 321, 322, 221, 109, 338, 254]
525 2730 [276, 313, 181, 296, 203, 169, 178, 174, 123, 257, 314, 246]
526 2625 [132, 165, 208, 175, 299, 107, 313, 146, 319, 226, 301, 234]
527 2361 [101, 299, 171, 82, 291, 121, 366, 81, 149, 376, 240, 84]
528 2723 [118, 296, 209, 345, 238, 316, 247, 235, 216, 123, 279, 101]
529 3002 [349, 170, 280, 255, 240, 281, 273, 282, 191, 217, 263, 201]
530 3267 [387, 152, 372, 261, 376, 282, 378, 289, 140, 113, 218, 299]
531 2626 [144, 195, 332, 314, 250, 306, 109, 118, 252, 298, 182, 126]
532 2542 [188, 153, 90, 384, 161, 249, 111, 305, 324, 249, 88, 240]
533 2450 [200, 281, 163, 108, 96, 371, 176, 200, 121, 289, 347, 98]
534 2851 [187, 165, 84, 163, 327, 179, 252, 197, 385, 386, 311, 215]
535 2681 [363, 164, 153, 146, 262, 246, 233, 315, 332, 151, 99, 217]
536 2682 [267, 301, 295, 222, 261, 171, 240, 173, 153, 189, 161, 249]
537 3122 [309, 241, 363, 351, 302, 302, 285, 82, 127, 318, 304, 138]
538 2008 [143, 329, 133, 234, 267, 84, 104, 87, 123, 160, 202, 142]
539 2341 [154, 335, 296, 184, 183, 204, 308, 180, 169, 111, 94, 123]
540 2798 [121, 173, 106, 224, 325, 232, 303, 203, 366, 313, 274, 158]
541 3262 [258, 336, 305, 180, 286, 314, 352, 337, 107, 145, 324, 318]
542 2975 [224, 292, 313, 178, 302, 128, 378, 181, 252, 309, 302, 116]
543 2975 [80, 382, 247, 159, 272, 115, 279, 279, 351, 334, 120, 357]
544 2774 [149, 381, 128, 131, 366, 126, 126, 357, 177, 253, 345, 235]
545 3252 [301, 325, 350, 168, 257, 245, 118, 374, 375, 368, 262, 109]
546 3222 [306, 321, 163, 302, 320, 385, 279, 244, 78, 357, 316, 151]
547 3063 [95, 315, 228, 361, 278, 111, 339, 184, 304, 292, 173, 383]
548 3044 [225, 104, 303, 362, 370, 380, 263, 224, 209, 354, 97, 153]
549 2711 [175, 226, 338, 215, 142, 322, 174, 290, 324, 127, 280, 98]
550 3281 [305, 262, 384, 162, 202, 296, 364, 229, 217, 309, 374, 177]
551 2370 [144, 380, 176, 112, 134, 296, 346, 162, 133, 122, 178, 187]
552 2378 [132, 233, 208, 338, 132, 164, 213, 330, 110, 153, 128, 237]
553 2703 [262, 175, 133, 321, 122, 163, 295, 246, 360, 237, 228, 161]
554 2798 [242, 218, 361, 246, 341, 90, 233, 120, 135, 237, 216, 359]
555 3160 [376, 328, 384, 99, 364, 169, 147, 137, 209, 383, 273, 291]
556 3000 [327, 342, 267, 140, 320, 146, 237, 286, 251, 352, 236, 96]
557 3005 [235, 173, 125, 323, 361, 184, 305, 376, 163, 138, 277, 345]
558 3308 [382, 180, 352, 306, 95, 347, 222, 194, 382, 324, 273, 251]
559 2297 [82, 365, 229, 88, 101, 278, 116, 300, 261, 175, 126, 176]
560 2994 [180, 215, 187, 365, 308, 257, 340, 203, 85, 243, 279, 332]
561 2561 [105, 195, 274, 323, 304, 272, 318, 121, 238, 173, 158, 80]
562 2149 [137, 82, 156, 217, 173, 174, 358, 156, 119, 267, 81, 229]
563 2738 [206, 388, 121, 151, 78, 279, 172, 289, 212, 142, 321, 379]
564 2458 [335, 208, 204, 303, 148, 95, 126, 267, 150, 296, 81, 245]
565 2771 [290, 317, 208, 279, 129, 372, 275, 103, 249, 186, 269, 94]
566 3019 [240, 264, 187, 322, 242, 241, 230, 234, 123, 329, 315, 292]
567 2847 [183, 319, 337, 260, 352, 108, 276, 164, 279, 263, 90, 216]
568 3375 [258, 289, 237, 268, 265, 256, 228, 245, 378, 374, 240, 337]
569 2992 [344, 232, 306, 218, 371, 218, 365, 338, 259, 127, 92, 122]
570 3316 [210, 203, 329, 384, 318, 255, 331, 303, 362, 270, 256, 95]
571 2593 [135, 297, 160, 100, 278, 215, 78, 379, 210, 203, 157, 381]
572 2359 [82, 264, 279, 275, 235, 257, 237, 115, 159, 127, 209, 120]
573 2622 [285, 228, 169, 333, 251, 154, 261, 211, 167, 101, 241, 221]
574 2861 [199, 247, 262, 84, 380, 313, 201, 301, 342, 196, 172, 164]
575 2223 [138, 360, 187, 85, 88, 316, 200, 161, 193, 109, 206, 180]
576 3125 [207, 263, 111, 377, 219, 352, 233, 372, 259, 330, 78, 324]
577 2528 [356, 127, 223, 168, 187, 137, 236, 237, 349, 189, 157, 162]
578 2655 [290, 283, 296, 115, 79, 179, 224, 298, 319, 263, 193, 116]
579 2465 [173, 355, 285, 306, 99, 117, 345, 108, 147, 294, 118, 118]
580 2976 [162, 277, 293, 371, 216, 339, 101, 182, 321, 250, 258, 206]
581 3157 [212, 323, 203, 385, 256, 312, 300, 293, 189, 310, 78, 296]
582 2876 [373, 156, 385, 320, 357, 238, 115, 117, 319, 185, 91, 220]
583 2415 [183, 181, 179, 311, 344, 298, 108, 132, 105, 277, 191, 106]
584 2873 [132, 371, 248, 249, 131, 376, 299, 147, 191, 85, 330, 314]
585 2839 [297, 341, 131, 251, 228, 136, 215, 156, 310, 250, 168, 356]
586 3019 [297, 330, 133, 155, 356, 388, 206, 143, 119, 232, 363, 297]
587 2723 [305, 153, 320, 270, 162, 287, 262, 200, 259, 266, 89, 150]
588 2873 [139, 185, 139, 350, 268, 306, 232, 271, 270, 239, 114, 360]
589 2631 [235, 118, 237, 307, 298, 110, 135, 207, 122, 385, 127, 350]
590 2654 [356, 225, 145, 132, 242, 194, 272, 291, 128, 229, 233, 207]
591 2954 [199, 140, 308, 164, 231, 299, 331, 231, 209, 338, 193, 311]
592 2579 [164, 123, 210, 121, 288, 199, 242, 249, 110, 182, 375, 316]
593 2569 [238, 215, 223, 83, 219, 147, 307, 151, 197, 120, 315, 354]
594 3061 [370, 373, 304, 120, 177, 269, 335, 262, 161, 115, 270, 305]
595 3425 [194, 235, 335, 257, 337, 170, 219, 382, 246, 343, 342, 365]
596 2702 [348, 191, 140, 241, 182, 326, 213, 307, 133, 345, 138, 138]
597 2904 [329, 308, 186, 221, 380, 340, 208, 90, 78, 203, 304, 257]
598 2583 [311, 234, 230, 155, 102, 163, 267, 311, 155, 344, 118, 193]
599 2794 [95, 309, 104, 302, 377, 282, 125, 226, 258, 221, 209, 286]
600 3069 [330, 328, 366, 78, 141, 354, 351, 327, 150, 78, 185, 381]
601 2535 [119, 346, 143, 97, 91, 274, 179, 182, 346, 279, 326, 153]
602 3582 [335, 240, 271, 373, 227, 80, 361, 369, 342, 324, 376, 284]
603 2268 [324, 143, 109, 210, 124, 141, 164, 330, 194, 202, 183, 144]
604 2779 [170, 310, 219, 80, 265, 284, 147, 156, 297, 380, 336, 135]
605 2753 [205, 360, 248, 192, 244, 367, 127, 203, 98, 245, 307, 157]
606 2606 [350, 153, 176, 156, 187, 341, 123, 175, 140, 259, 356, 190]
607 3143 [233, 363, 143, 231, 283, 182, 348, 279, 311, 340, 255, 175]
608 2185 [162, 179, 173, 190, 210, 152, 94, 152, 99, 159, 257, 358]
609 2805 [363, 205, 371, 94, 114, 207, 91, 252, 353, 368, 120, 267]
610 3202 [83, 346, 280, 374, 253, 98, 243, 347, 333, 289, 289, 267]
611 2772 [320, 128, 179, 107, 204, 248, 279, 282, 356, 303, 171, 195]
612 3320 [356, 382, 337, 100, 230, 313, 297, 205, 384, 238, 308, 170]
613 2785 [381, 78, 263, 193, 161, 338, 207, 268, 111, 386, 246, 153]
614 2724 [290, 288, 154, 120, 280, 344, 159, 82, 321, 243, 303, 140]
615 3086 [234, 223, 109, 351, 197, 190, 177, 321, 331, 185, 386, 382]
616 2959 [307, 302, 265, 309, 212, 282, 215, 323, 242, 216, 108, 178]
617 2862 [281, 367, 195, 236, 115, 265, 209, 78, 350, 221, 262, 283]
618 2888 [156, 171, 299, 341, 269, 149, 342, 109, 258, 222, 263, 309]
619 2583 [173, 321, 199, 377, 160, 82, 290, 107, 354, 107, 222, 191]
620 3204 [231, 377, 285, 341, 153, 353, 276, 217, 238, 274, 192, 267]
621 2868 [363, 188, 129, 302, 309, 277, 113, 170, 214, 358, 151, 294]
622 2957 [86, 202, 382, 151, 255, 168, 236, 176, 323, 385, 348, 245]
623 3235 [348, 250, 350, 348, 197, 218, 248, 359, 259, 221, 100, 337]
624 2729 [293, 180, 313, 152, 340, 237, 226, 78, 278, 183, 113, 336]
625 3197 [174, 149, 318, 305, 232, 266, 219, 328, 181, 285, 370, 370]
626 2715 [118, 298, 339, 133, 380, 215, 130, 231, 351, 204, 83, 233]
627 2794 [150, 295, 384, 277, 381, 387, 89, 131, 320, 110, 180, 90]
628 3197 [321, 153, 323, 252, 353, 235, 223, 85, 334, 327, 238, 353]
629 2861 [276, 253, 313, 151, 303, 254, 381, 357, 78, 102, 197, 196]
630 2726 [344, 161, 181, 187, 293, 245, 139, 356, 256, 216, 240, 108]
631 2436 [222, 90, 147, 281, 331, 137, 119, 257, 347, 209, 216, 80]
632 2564 [354, 91, 177, 380, 159, 199, 229, 259, 240, 181, 128, 167]
633 2659 [115, 336, 277, 125, 296, 139, 280, 99, 259, 89, 345, 299]
634 2464 [388, 127, 134, 130, 208, 348, 120, 182, 183, 230, 182, 232]
635 2881 [217, 236, 291, 202, 225, 79, 381, 291, 224, 268, 136, 331]
636 2586 [98, 185, 383, 254, 337, 249, 78, 116, 79, 296, 257, 254]
637 2734 [185, 155, 302, 380, 201, 208, 328, 259, 109, 185, 328, 94]
638 2732 [131, 194, 181, 315, 313, 316, 166, 296, 148, 241, 124, 307]
639 3040 [364, 247, 116, 343, 169, 332, 139, 385, 284, 312, 86, 263]
640 2704 [367, 355, 360, 212, 94, 226, 110, 111, 94, 182, 293, 300]
641 3116 [160, 352, 340, 220, 345, 374, 93, 173, 302, 212, 363, 182]
642 3497 [339, 312, 201, 346, 108, 325, 348, 384, 249, 326, 209, 350]
643 2554 [134, 182, 78, 232, 263, 257, 305, 267, 234, 352, 145, 105]
644 2878 [359, 299, 145, 277, 225, 336, 217, 191, 187, 189, 287, 166]
645 3191 [386, 205, 261, 269, 265, 288, 108, 352, 295, 296, 84, 382]
646 2773 [333, 229, 133, 159, 292, 98, 281, 353, 82, 249, 347, 217]
647 2666 [95, 177, 347, 148, 191, 325, 383, 281, 339, 143, 105, 132]
648 2766 [260, 145, 281, 229, 169, 379, 263, 142, 337, 299, 105, 157]
649 3175 [347, 350, 330, 320, 151, 210, 261, 196, 225, 377, 287, 121]
650 3003 [175, 103, 297, 176, 373, 373, 166, 225, 215, 312, 278, 310]
651 2308 [200, 93, 288, 83, 380, 301, 242, 78, 130, 96, 149, 268]
652 3274 [187, 330, 376, 183, 212, 354, 334, 354, 234, 234, 279, 197]
653 2532 [220, 279, 171, 360, 90, 151, 118, 126, 164, 373, 215, 265]
654 3265 [119, 204, 386, 369, 184, 350, 238, 214, 266, 246, 374, 315]
655 3196 [219, 119, 294, 364, 382, 155, 285, 318, 268, 356, 140, 296]
656 2300 [244, 323, 163, 79, 92, 315, 365, 97, 115, 80, 264, 163]
657 3125 [211, 281, 366, 174, 132, 309, 386, 78, 308, 284, 381, 215]
658 2351 [139, 131, 245, 296, 229, 263, 214, 166, 333, 78, 142, 115]
659 3315 [381, 214, 335, 103, 93, 288, 288, 356, 372, 373, 175, 337]
660 3006 [296, 363, 382, 188, 152, 235, 93, 185, 322, 248, 350, 192]
661 2995 [222, 253, 99, 199, 107, 372, 360, 225, 332, 113, 353, 360]
662 2661 [157, 386, 191, 213, 252, 90, 239, 274, 195, 212, 353, 99]
663 2482 [219, 331, 338, 312, 93, 162, 79, 78, 210, 229, 332, 99]
664 2534 [197, 163, 293, 99, 116, 285, 97, 80, 298, 356, 274, 276]
665 2317 [135, 103, 201, 231, 81, 170, 388, 151, 143, 238, 187, 289]
666 2826 [308, 170, 81, 320, 162, 295, 90, 150, 239, 365, 281, 365]
667 3061 [233, 348, 209, 146, 142, 346, 216, 244, 348, 383, 207, 239]
668 3143 [204, 165, 267, 369, 310, 315, 306, 258, 369, 114, 184, 282]
669 2919 [161, 142, 157, 230, 328, 307, 159, 286, 286, 369, 205, 289]
670 2631 [185, 324, 103, 326, 189, 112, 290, 146, 194, 342, 292, 128]
671 3089 [364, 185, 287, 302, 366, 131, 180, 341, 184, 216, 334, 199]
672 2690 [107, 85, 195, 281, 324, 359, 283, 156, 181, 387, 232, 100]
673 2993 [200, 367, 290, 369, 196, 381, 138, 237, 204, 333, 92, 186]
674 3202 [243, 238, 137, 281, 310, 192, 381, 297, 164, 347, 298, 314]
675 2380 [183, 158, 200, 260, 232, 196, 273, 149, 263, 165, 117, 184]
676 2646 [102, 230, 262, 282, 98, 291, 196, 79, 278, 241, 229, 358]
677 2309 [254, 81, 129, 357, 171, 375, 115, 106, 144, 104, 346, 127]
678 2865 [304, 387, 107, 97, 297, 275, 135, 247, 380, 256, 256, 124]
679 2947 [285, 183, 120, 301, 359, 169, 308, 339, 174, 358, 256, 95]
680 2687 [322, 118, 366, 244, 295, 83, 211, 183, 149, 182, 166, 368]
681 2862 [165, 337, 162, 137, 386, 161, 153, 301, 293, 176, 362, 229]
682 2707 [349, 126, 183, 123, 181, 224, 98, 311, 339, 240, 205, 328]
683 2923 [231, 293, 175, 133, 326, 252, 387, 169, 99, 284, 258, 316]
684 2447 [139, 113, 326, 312, 230, 224, 138, 89, 182, 233, 224, 237]
685 2843 [177, 326, 276, 134, 271, 162, 297, 114, 270, 377, 274, 165]
686 2275 [92, 339, 161, 184, 78, 232, 266, 280, 158, 87, 267, 131]
687 2225 [109, 174, 237, 246, 279, 103, 259, 253, 191, 96, 130, 148]
688 2711 [112, 110, 212, 191, 104, 358, 260, 348, 270, 254, 239, 253]
689 2699 [98, 122, 265, 356, 384, 151, 185, 332, 141, 111, 222, 332]
690 3002 [378, 78, 388, 275, 175, 262, 368, 356, 260, 79, 159, 224]
691 2728 [83, 168, 177, 126, 90, 337, 327, 387, 328, 323, 79, 303]
692 3365 [262, 361, 357, 299, 238, 242, 217, 335, 353, 80, 331, 290]
693 2565 [126, 148, 379, 131, 232, 371, 92, 337, 266, 88, 253, 142]
694 2653 [210, 82, 273, 260, 123, 234, 262, 377, 117, 337, 183, 195]
695 3184 [380, 220, 380, 304, 288, 184, 295, 137, 299, 260, 257, 180]
696 2587 [202, 247, 173, 199, 212, 146, 184, 337, 193, 235, 369, 90]
697 2333 [145, 388, 90, 213, 241, 227, 239, 127, 137, 192, 106, 228]
698 2754 [310, 276, 260, 133, 310, 164, 126, 330, 239, 251, 275, 80]
699 2693 [283, 325, 204, 84, 190, 146, 285, 307, 145, 284, 331, 109]
700 2846 [173, 86, 305, 268, 138, 352, 366, 85, 301, 384, 178, 210]
701 2546 [110, 90, 343, 358, 376, 117, 239, 85, 349, 90, 193, 196]
702 3077 [388, 341, 178, 335, 106, 344, 337, 78, 335, 315, 83, 237]
703 2790 [181, 163, 301, 371, 340, 179, 181, 334, 186, 321, 98, 135]
704 3306 [374, 181, 334, 310, 316, 276, 244, 189, 240, 300, 170, 372]
705 2705 [353, 173, 233, 382, 213, 160, 158, 219, 163, 311, 190, 150]
706 2584 [387, 209, 318, 124, 191, 197, 89, 293, 338, 95, 224, 119]
707 3089 [379, 292, 110, 196, 276, 363, 206, 317, 199, 370, 223, 158]
708 3274 [292, 312, 232, 105, 372, 212, 367, 372, 253, 289, 236, 232]
709 3433 [200, 270, 353, 310, 247, 359, 107, 342, 208, 305, 354, 378]
710 2880 [343, 115, 153, 355, 368, 95, 114, 260, 361, 177, 336, 203]
711 2340 [196, 90, 89, 353, 238, 261, 105, 239, 215, 171, 289, 94]
712 3252 [350, 355, 264, 194, 223, 249, 304, 217, 211, 337, 255, 293]
713 3040 [107, 206, 147, 189, 306, 378, 298, 218, 244, 326, 248, 373]
714 2941 [378, 157, 241, 156, 236, 153, 155, 376, 129, 293, 378, 289]
715 2763 [378, 288, 108, 208, 277, 153, 164, 379, 120, 120, 276, 292]
716 2370 [83, 158, 356, 252, 92, 220, 96, 293, 360, 199, 132, 129]
717 2711 [84, 112, 289, 281, 385, 200, 237, 220, 356, 89, 93, 365]
718 3042 [305, 252, 203, 330, 195, 366, 169, 264, 238, 274, 205, 241]
719 2130 [149, 128, 222, 201, 181, 100, 181, 108, 152, 86, 317, 305]
720 3173 [157, 98, 307, 101, 372, 339, 341, 232, 296, 356, 360, 214]
721 2121 [199, 156, 271, 114, 237, 229, 174, 92, 79, 233, 212, 125]
722 2969 [171, 211, 168, 124, 385, 114, 350, 244, 348, 361, 243, 250]
723 2591 [185, 156, 152, 371, 140, 268, 195, 168, 146, 356, 198, 256]
724 2808 [193, 116, 335, 285, 133, 227, 222, 358, 211, 226, 281, 221]
725 2872 [273, 89, 324, 223, 298, 352, 184, 378, 90, 289, 191, 181]
726 2883 [185, 306, 266, 209, 320, 185, 138, 373, 325, 296, 89, 191]
727 2781 [202, 330, 120, 264, 236, 122, 336, 364, 99, 336, 243, 129]
728 2844 [232, 304, 295, 102, 83, 278, 301, 366, 89, 384, 184, 226]
729 2680 [248, 104, 141, 365, 308, 264, 283, 266, 140, 114, 323, 124]
730 2438 [221, 320, 179, 255, 177, 299, 303, 81, 87, 105, 331, 80]
731 2815 [225, 85, 349, 162, 105, 356, 211, 308, 110, 273, 348, 283]
732 2766 [305, 288, 164, 159, 336, 118, 179, 298, 151, 302, 200, 266]
733 3502 [290, 93, 192, 370, 374, 310, 306, 274, 274, 335, 328, 356]
734 3018 [142, 314, 267, 258, 366, 140, 252, 211, 368, 217, 127, 356]
735 2723 [262, 103, 216, 292, 374, 147, 123, 178, 212, 382, 293, 141]
736 2724 [201, 313, 163, 137, 330, 175, 253, 173, 208, 381, 168, 222]
737 2673 [179, 217, 172, 83, 113, 377, 359, 358, 260, 89, 115, 351]
738 2924 [250, 349, 261, 203, 116, 157, 318, 245, 293, 297, 245, 190]
739 2650 [212, 206, 301, 366, 85, 94, 227, 211, 234, 272, 294, 148]
740 2916 [128, 300, 294, 388, 110, 140, 79, 288, 346, 358, 204, 281]
741 3104 [142, 179, 273, 160, 371, 232, 261, 288, 338, 185, 317, 358]
742 3572 [195, 341, 269, 228, 350, 337, 325, 315, 316, 198, 374, 324]
743 2033 [101, 176, 149, 176, 78, 178, 131, 123, 301, 356, 123, 141]
744 3074 [309, 223, 230, 253, 297, 354, 187, 251, 261, 236, 125, 348]
745 2640 [371, 82, 372, 101, 315, 307, 259, 110, 87, 168, 169, 299]
746 3192 [155, 222, 332, 380, 267, 199, 345, 313, 108, 267, 371, 233]
747 2984 [103, 248, 296, 273, 325, 280, 185, 305, 240, 378, 129, 222]
748 2490 [145, 358, 120, 285, 129, 190, 195, 382, 198, 79, 186, 223]
749 2774 [118, 242, 304, 294, 192, 386, 306, 167, 93, 320, 191, 161]
750 2428 [363, 105, 265, 251, 176, 131, 86, 380, 114, 276, 196, 85]
751 2584 [342, 80, 169, 227, 316, 354, 100, 118, 167, 94, 260, 357]
752 2512 [82, 89, 168, 202, 347, 94, 191, 167, 355, 204, 278, 335]
753 2597 [278, 78, 102, 315, 333, 240, 269, 129, 322, 125, 214, 192]
754 2539 [239, 80, 296, 325, 120, 238, 87, 234, 183, 194, 284, 259]
755 3231 [378, 310, 100, 174, 154, 371, 293, 166, 376, 353, 288, 268]
756 2819 [135, 130, 324, 374, 347, 91, 146, 308, 143, 227, 275, 319]
757 2669 [183, 159, 361, 166, 301, 234, 96, 185, 307, 289, 292, 96]
758 2538 [132, 125, 241, 159, 324, 131, 288, 330, 183, 318, 111, 196]
759 2954 [78, 374, 324, 384, 203, 120, 339, 355, 224, 156, 216, 181]
760 2640 [350, 179, 111, 140, 80, 309, 356, 281, 109, 184, 227, 314]
761 2612 [286, 166, 96, 218, 339, 323, 92, 273, 90, 282, 347, 100]
762 3202 [292, 298, 180, 277, 297, 262, 278, 298, 282, 272, 223, 243]
763 3242 [361, 272, 315, 203, 204, 362, 172, 182, 382, 187, 347, 255]
764 2376 [387, 94, 103, 173, 145, 240, 111, 340, 204, 133, 247, 199]
765 2524 [215, 100, 255, 281, 145, 123, 272, 313, 208, 187, 237, 188]
766 3029 [251, 276, 379, 248, 121, 333, 203, 232, 329, 97, 317, 243]
767 3102 [230, 282, 339, 244, 144, 341, 195, 296, 238, 383, 144, 266]
768 2847 [381, 377, 120, 121, 128, 156, 198, 188, 247, 353, 292, 286]
769 3013 [268, 90, 81, 192, 351, 338, 354, 387, 364, 90, 385, 113]
770 2813 [94, 177, 309, 326, 253, 168, 149, 216, 240, 255, 342, 284]
771 3160 [219, 376, 283, 262, 369, 238, 363, 234, 368, 226, 97, 125]
772 2358 [245, 216, 105, 341, 170, 79, 113, 134, 181, 278, 264, 232]
773 2728 [137, 286, 248, 95, 120, 276, 236, 221, 360, 86, 306, 357]
774 3323 [98, 317, 328, 315, 361, 388, 173, 268, 256, 317, 138, 364]
775 2852 [283, 92, 342, 337, 324, 366, 114, 320, 126, 136, 238, 174]
776 3084 [286, 163, 152, 228, 335, 164, 352, 362, 221, 346, 186, 289]
777 2416 [364, 111, 312, 82, 160, 262, 274, 119, 99, 151, 149, 333]
778 2861 [334, 192, 243, 242, 325, 382, 141, 356, 144, 301, 82, 119]
779 2732 [232, 186, 134, 223, 277, 172, 220, 307, 358, 363, 146, 114]
780 2750 [216, 103, 237, 290, 169, 115, 302, 262, 353, 331, 180, 192]
781 2795 [253, 269, 285, 158, 231, 215, 128, 275, 231, 213, 321, 216]
782 2438 [104, 165, 107, 340, 377, 225, 84, 143, 119, 265, 319, 190]
783 3243 [109, 198, 308, 369, 204, 222, 369, 275, 168, 326, 388, 307]
784 3270 [346, 309, 249, 261, 221, 277, 257, 256, 361, 369, 215, 149]
785 2763 [94, 132, 388, 291, 363, 279, 139, 90, 248, 362, 193, 184]
786 2407 [177, 353, 106, 133, 109, 388, 96, 120, 188, 78, 326, 333]
787 2792 [152, 202, 351, 240, 137, 252, 171, 211, 241, 107, 347, 381]
788 2601 [339, 256, 107, 119, 237, 302, 320, 97, 241, 304, 161, 118]
789 2632 [239, 294, 252, 119, 119, 133, 203, 171, 207, 381, 243, 271]
790 3043 [204, 136, 98, 372, 263, 212, 230, 380, 315, 97, 376, 360]
791 2540 [267, 368, 146, 195, 351, 139, 279, 80, 317, 110, 126, 162]
792 2445 [157, 298, 205, 295, 244, 195, 182, 347, 120, 111, 81, 210]
793 2710 [325, 322, 225, 297, 250, 212, 192, 136, 147, 197, 283, 124]
794 3250 [147, 262, 386, 210, 278, 321, 325, 183, 311, 344, 252, 231]
795 2451 [123, 78, 81, 356, 108, 177, 360, 230, 144, 320, 295, 179]
796 2862 [334, 316, 154, 292, 229, 216, 163, 174, 338, 163, 305, 178]
797 3244 [270, 108, 377, 331, 347, 366, 269, 284, 188, 199, 381, 124]
798 2290 [242, 296, 192, 370, 133, 155, 150, 84, 333, 92, 107, 136]
799 2680 [237, 365, 243, 237, 224, 102, 231, 95, 239, 113, 267, 327]
800 2270 [209, 157, 376, 265, 263, 103, 84, 84, 143, 274, 89, 223]
801 3184 [264, 224, 364, 93, 226, 352, 312, 276, 213, 252, 226, 382]
802 2693 [243, 81, 222, 195, 317, 376, 126, 266, 260, 210, 203, 194]
803 3341 [207, 292, 351, 360, 241, 131, 352, 301, 355, 327, 148, 276]
804 2961 [214, 141, 298, 254, 107, 369, 368, 302, 207, 202, 203, 296]
805 3004 [331, 231, 305, 78, 313, 124, 332, 128, 352, 202, 356, 252]
806 3112 [365, 313, 133, 79, 195, 172, 275, 181, 387, 362, 354, 296]
807 2945 [85, 330, 371, 345, 148, 133, 200, 382, 331, 210, 221, 189]
808 2790 [272, 117, 152, 98, 387, 250, 104, 381, 367, 274, 81, 307]
809 2391 [249, 298, 179, 244, 98, 202, 144, 87, 94, 122, 354, 320]
810 2440 [342, 125, 230, 87, 261, 139, 110, 242, 181, 204, 256, 263]
811 2587 [248, 296, 129, 210, 124, 303, 139, 143, 240, 246, 288, 221]
812 3458 [355, 172, 366, 206, 368, 275, 159, 287, 377, 355, 164, 374]
813 2883 [295, 155, 338, 364, 108, 279, 291, 290, 134, 83, 209, 337]
814 2399 [215, 346, 178, 253, 80, 264, 122, 157, 358, 133, 161, 132]
815 2519 [86, 333, 186, 175, 116, 338, 223, 263, 239, 207, 168, 185]
816 2827 [109, 303, 227, 362, 246, 145, 264, 112, 107, 218, 362, 372]
817 2544 [325, 252, 164, 226, 299, 304, 189, 82, 171, 210, 187, 135]
818 2808 [78, 381, 249, 131, 110, 112, 370, 306, 348, 83, 367, 273]
819 2989 [202, 354, 272, 82, 88, 368, 272, 314, 232, 299, 297, 209]
820 2875 [312, 136, 344, 280, 137, 376, 387, 240, 263, 213, 88, 99]
821 2606 [354, 144, 187, 221, 239, 230, 215, 278, 306, 79, 178, 175]
822 3116 [239, 122, 99, 330, 262, 338, 87, 382, 382, 198, 294, 383]
823 3017 [168, 376, 317, 114, 127, 368, 238, 289, 336, 308, 158, 218]
824 2931 [179, 340, 157, 386, 291, 91, 311, 261, 220, 167, 172, 356]
825 3423 [294, 341, 134, 291, 282, 307, 278, 323, 335, 332, 255, 251]
826 3475 [361, 366, 260, 291, 180, 202, 169, 366, 379, 307, 357, 237]
827 3231 [348, 382, 301, 252, 194, 299, 255, 222, 109, 351, 383, 135]
828 2900 [299, 266, 155, 271, 305, 128, 131, 267, 208, 194, 362, 314]
829 2161 [163, 213, 300, 79, 223, 263, 198, 148, 121, 241, 115, 97]
830 2902 [264, 218, 342, 154, 78, 269, 166, 280, 285, 190, 308, 348]
831 2330 [265, 172, 119, 206, 337, 306, 139, 316, 127, 163, 91, 89]
832 2706 [214, 192, 139, 221, 143, 192, 248, 278, 364, 338, 238, 139]
833 2835 [279, 152, 123, 380, 84, 303, 110, 206, 257, 259, 347, 335]
834 3188 [379, 241, 104, 342, 177, 297, 301, 365, 246, 154, 254, 328]
835 2304 [104, 191, 279, 338, 339, 158, 87, 100, 101, 196, 271, 140]
836 2930 [342, 243, 321, 287, 231, 242, 298, 321, 91, 116, 121, 317]
837 3081 [248, 316, 301, 209, 210, 304, 92, 340, 334, 328, 101, 298]
838 2600 [120, 249, 84, 157, 334, 330, 173, 213, 352, 356, 154, 78]
839 3083 [320, 101, 176, 101, 292, 334, 356, 375, 296, 249, 159, 324]
840 2759 [123, 319, 237, 178, 167, 83, 216, 337, 241, 335, 324, 199]
841 2548 [309, 234, 361, 216, 278, 194, 260, 285, 83, 96, 125, 107]
842 2524 [174, 178, 81, 371, 140, 280, 224, 201, 267, 165, 329, 114]
843 2233 [106, 168, 252, 380, 221, 312, 150, 86, 222, 116, 80, 140]
844 2750 [181, 358, 141, 353, 306, 100, 172, 237, 117, 332, 118, 335]
845 3225 [355, 318, 310, 370, 162, 134, 132, 311, 262, 350, 139, 382]
846 2169 [87, 130, 83, 287, 188, 241, 110, 128, 168, 271, 151, 325]
847 2703 [86, 94, 287, 261, 368, 149, 304, 196, 284, 158, 247, 269]
848 2595 [303, 294, 191, 228, 178, 138, 119, 340, 212, 249, 86, 257]
849 2416 [242, 233, 201, 318, 89, 363, 381, 90, 155, 92, 117, 135]
850 2098 [89, 254, 295, 94, 203, 281, 85, 219, 84, 141, 159, 194]
851 3564 [344, 283, 188, 273, 378, 224, 271, 320, 306, 328, 342, 307]
852 2425 [126, 383, 106, 326, 347, 201, 106, 111, 245, 161, 148, 165]
853 3192 [300, 357, 357, 376, 357, 195, 282, 231, 92, 135, 205, 305]
854 3027 [340, 343, 108, 220, 308, 221, 171, 203, 328, 373, 206, 206]
855 3011 [303, 106, 293, 331, 231, 246, 204, 211, 350, 159, 328, 249]
856 2587 [239, 179, 202, 119, 273, 159, 245, 181, 158, 187, 359, 286]
857 2740 [190, 115, 337, 178, 323, 88, 265, 187, 206, 327, 207, 317]
858 3275 [364, 97, 346, 270, 299, 354, 319, 142, 260, 213, 360, 251]
859 3186 [367, 361, 252, 224, 379, 194, 107, 327, 112, 278, 370, 215]
860 2499 [310, 373, 122, 93, 203, 135, 169, 255, 153, 161, 256, 269]
861 2878 [164, 261, 186, 343, 142, 259, 284, 135, 307, 184, 366, 247]
862 2889 [371, 149, 129, 330, 206, 97, 155, 132, 318, 231, 387, 384]
863 2892 [104, 240, 363, 372, 159, 149, 241, 278, 242, 218, 159, 367]
864 2869 [145, 194, 232, 241, 319, 134, 239, 270, 282, 295, 222, 296]
865 2807 [217, 193, 347, 158, 113, 227, 351, 147, 214, 368, 375, 97]
866 2480 [261, 298, 151, 119, 91, 166, 155, 204, 320, 334, 210, 171]
867 2990 [174, 171, 374, 326, 284, 385, 257, 307, 191, 163, 181, 177]
868 2059 [143, 230, 117, 331, 141, 177, 85, 154, 117, 145, 120, 299]
869 3076 [275, 308, 153, 275, 160, 369, 386, 86, 356, 80, 241, 387]
870 2423 [245, 104, 207, 259, 109, 257, 229, 136, 303, 82, 279, 213]
871 2402 [319, 86, 259, 287, 361, 142, 194, 94, 184, 229, 131, 116]
872 2730 [317, 307, 80, 363, 250, 144, 102, 303, 311, 212, 205, 136]
873 2082 [183, 153, 121, 199, 83, 277, 104, 329, 85, 248, 180, 120]
874 2408 [121, 211, 99, 212, 174, 92, 176, 325, 304, 268, 129, 297]
875 2387 [139, 356, 242, 175, 143, 277, 81, 190, 168, 123, 361, 132]
876 2693 [145, 302, 113, 373, 301, 205, 80, 142, 112, 382, 166, 372]
877 2921 [230, 180, 93, 160, 228, 217, 366, 382, 320, 191, 223, 331]
878 2461 [113, 363, 259, 236, 185, 323, 251, 171, 171, 114, 115, 160]
879 3098 [196, 104, 317, 274, 184, 246, 326, 321, 327, 382, 275, 146]
880 2398 [244, 153, 137, 220, 86, 284, 261, 95, 317, 220, 234, 147]
881 2180 [274, 112, 294, 139, 144, 79, 121, 255, 292, 172, 152, 146]
882 3153 [289, 237, 234, 187, 373, 300, 94, 243, 164, 370, 363, 299]
883 2885 [294, 358, 149, 375, 122, 297, 162, 318, 281, 188, 154, 187]
884 2551 [133, 111, 358, 349, 96, 171, 324, 79, 330, 140, 233, 227]
885 2961 [246, 368, 364, 194, 270, 101, 214, 168, 354, 216, 357, 109]
886 2879 [242, 387, 263, 201, 358, 139, 317, 319, 78, 236, 91, 248]
887 2939 [335, 272, 303, 178, 181, 157, 188, 232, 286, 324, 282, 201]
888 3100 [211, 301, 333, 200, 183, 201, 205, 279, 364, 367, 243, 213]
889 3029 [78, 322, 317, 258, 200, 262, 202, 192, 208, 255, 378, 357]
890 3174 [302, 316, 242, 322, 98, 372, 128, 364, 213, 386, 113, 318]
891 3005 [212, 213, 334, 193, 362, 343, 324, 248, 241, 266, 122, 147]
892 2628 [166, 280, 133, 95, 337, 91, 217, 213, 250, 293, 311, 242]
893 2703 [252, 130, 306, 123, 197, 349, 299, 337, 144, 97, 158, 311]
894 2937 [136, 304, 100, 248, 349, 297, 310, 268, 268, 174, 239, 244]
895 2346 [178, 78, 86, 81, 238, 169, 314, 232, 377, 80, 318, 195]
896 2894 [345, 323, 100, 279, 345, 373, 286, 168, 126, 255, 92, 202]
897 2710 [350, 359, 207, 382, 234, 87, 100, 78, 174, 340, 239, 160]
898 3106 [354, 139, 166, 378, 268, 292, 326, 114, 227, 379, 372, 91]
899 2434 [160, 127, 185, 236, 161, 349, 152, 184, 218, 141, 376, 145]
900 3114 [161, 348, 130, 231, 300, 240, 384, 369, 89, 347, 353, 162]
901 2798 [284, 95, 201, 382, 198, 187, 118, 302, 119, 250, 336, 326]
902 2876 [97, 305, 367, 378, 274, 316, 135, 102, 287, 300, 81, 234]
903 3308 [222, 378, 192, 366, 99, 287, 327, 352, 236, 298, 211, 340]
904 2842 [300, 339, 118, 376, 283, 364, 109, 85, 185, 276, 135, 272]
905 2903 [318, 104, 150, 345, 383, 215, 259, 104, 220, 337, 143, 325]
906 2600 [84, 286, 206, 366, 185, 288, 103, 242, 274, 101, 326, 139]
907 2425 [190, 193, 371, 381, 157, 82, 104, 272, 196, 168, 154, 157]
908 2325 [273, 328, 203, 152, 135, 82, 150, 222, 162, 160, 123, 335]
909 2470 [92, 132, 120, 183, 296, 376, 227, 270, 226, 78, 271, 199]
910 2221 [169, 93, 83, 252, 376, 291, 127, 249, 156, 95, 171, 159]
911 2696 [177, 277, 263, 259, 168, 182, 170, 100, 202, 303, 343, 252]
912 2721 [123, 245, 219, 244, 182, 360, 214, 332, 152, 335, 154, 161]
913 2566 [166, 347, 365, 313, 87, 123, 201, 152, 315, 90, 241, 166]
914 2963 [226, 273, 300, 122, 104, 138, 311, 212, 331, 380, 239, 327]
915 2216 [318, 163, 371, 143, 107, 312, 114, 122, 93, 274, 99, 100]
916 2639 [103, 209, 303, 80, 216, 142, 356, 91, 195, 335, 274, 335]
917 2396 [146, 111, 242, 143, 214, 171, 120, 325, 317, 143, 343, 121]
918 3102 [361, 254, 337, 175, 358, 338, 224, 246, 157, 149, 231, 272]
919 2819 [158, 300, 98, 214, 189, 232, 221, 333, 386, 165, 329, 194]
920 2994 [325, 381, 168, 286, 216, 337, 344, 182, 342, 203, 127, 83]
921 2589 [376, 180, 165, 175, 309, 167, 216, 275, 123, 241, 84, 278]
922 2995 [127, 306, 213, 266, 376, 285, 106, 251, 124, 272, 318, 351]
923 2707 [151, 341, 231, 385, 123, 287, 304, 174, 354, 94, 180, 83]
924 3025 [315, 325, 109, 323, 366, 138, 164, 276, 197, 348, 236, 228]
925 2442 [138, 160, 120, 79, 234, 356, 140, 126, 168, 305, 324, 292]
926 3183 [345, 332, 251, 311, 234, 228, 171, 345, 274, 164, 162, 366]
927 3193 [342, 373, 171, 307, 352, 272, 305, 325, 175, 99, 226, 246]
928 3409 [363, 313, 178, 368, 208, 370, 313, 147, 341, 146, 334, 328]
929 2805 [290, 171, 376, 306, 118, 205, 277, 236, 199, 292, 216, 119]
930 2840 [234, 269, 364, 112, 385, 116, 83, 163, 355, 138, 290, 331]
931 2532 [263, 376, 81, 83, 343, 350, 192, 126, 117, 355, 103, 143]
932 2700 [200, 133, 120, 232, 238, 324, 91, 249, 324, 256, 218, 315]
933 2734 [273, 385, 221, 190, 125, 123, 352, 233, 136, 387, 169, 140]
934 3427 [242, 383, 329, 134, 351, 352, 322, 95, 365, 196, 362, 296]
935 2739 [359, 364, 303, 295, 366, 134, 114, 211, 192, 94, 100, 207]
936 3244 [342, 345, 291, 279, 271, 354, 281, 233, 374, 129, 261, 84]
937 2795 [257, 203, 103, 107, 296, 384, 121, 304, 92, 305, 380, 243]
938 2794 [78, 182, 156, 186, 280, 338, 231, 288, 141, 343, 388, 183]
939 3085 [331, 287, 213, 386, 198, 106, 300, 292, 196, 147, 348, 281]
940 3106 [346, 232, 267, 158, 152, 226, 211, 377, 194, 377, 262, 304]
941 3211 [356, 91, 374, 200, 351, 247, 353, 315, 256, 333, 80, 255]
942 3030 [350, 233, 150, 133, 296, 274, 297, 189, 218, 232, 298, 360]
943 3124 [80, 230, 349, 326, 97, 356, 186, 315, 342, 102, 387, 354]
944 2222 [107, 165, 158, 186, 186, 83, 182, 355, 326, 182, 174, 118]
945 2681 [80, 359, 382, 187, 96, 241, 327, 177, 215, 134, 123, 360]
946 2929 [374, 127, 221, 321, 311, 167, 333, 161, 79, 387, 199, 249]
947 3108 [154, 326, 322, 301, 95, 376, 245, 114, 287, 261, 385, 242]
948 2664 [143, 168, 262, 347, 288, 344, 230, 133, 134, 288, 249, 78]
949 3020 [250, 332, 309, 296, 135, 109, 339, 214, 266, 211, 314, 245]
950 3192 [206, 179, 100, 335, 331, 136, 284, 344, 380, 155, 358, 384]
951 2735 [283, 256, 176, 158, 233, 201, 190, 121, 174, 330, 346, 267]
952 3151 [127, 387, 116, 173, 233, 290, 378, 121, 377, 360, 360, 229]
953 2536 [346, 131, 165, 204, 88, 242, 121, 90, 86, 361, 321, 381]
954 2695 [96, 94, 287, 209, 334, 198, 154, 200, 341, 352, 148, 282]
955 2272 [170, 190, 290, 147, 150, 370, 318, 110, 97, 157, 119, 154]
956 2344 [183, 178, 155, 252, 140, 241, 262, 116, 175, 122, 261, 259]
957 2747 [383, 290, 381, 242, 87, 151, 324, 214, 200, 115, 123, 237]
958 2494 [309, 93, 205, 85, 96, 299, 85, 291, 238, 154, 388, 251]
959 2639 [301, 161, 180, 270, 126, 276, 384, 310, 171, 158, 183, 119]
960 2749 [171, 219, 348, 342, 314, 115, 98, 213, 320, 163, 134, 312]
961 2657 [345, 227, 80, 235, 310, 228, 262, 89, 319, 242, 105, 215]
962 2843 [375, 254, 160, 252, 111, 100, 239, 254, 118, 306, 298, 376]
963 2142 [155, 180, 125, 316, 91, 79, 110, 375, 79, 120, 386, 126]
964 3044 [284, 344, 357, 257, 366, 208, 116, 378, 257, 178, 105, 194]
965 2915 [166, 330, 132, 163, 246, 319, 239, 257, 257, 364, 190, 252]
966 3137 [254, 160, 386, 354, 248, 254, 373, 155, 141, 184, 332, 296]
967 2314 [211, 135, 326, 307, 251, 216, 86, 94, 267, 195, 108, 118]
968 2649 [91, 208, 84, 269, 388, 152, 382, 125, 248, 286, 167, 249]
969 2617 [177, 179, 243, 228, 214, 300, 215, 156, 165, 278, 367, 95]
970 2910 [115, 279, 111, 265, 181, 388, 182, 234, 368, 322, 122, 343]
971 2610 [331, 234, 259, 105, 126, 184, 292, 94, 357, 333, 78, 217]
972 3253 [273, 232, 156, 329, 184, 284, 294, 338, 363, 306, 214, 280]
973 2312 [84, 126, 111, 167, 283, 118, 104, 233, 192, 373, 345, 176]
974 2425 [266, 103, 345, 166, 149, 281, 251, 123, 89, 289, 190, 173]
975 2965 [242, 181, 164, 256, 358, 306, 292, 171, 99, 276, 378, 242]
976 3473 [217, 246, 312, 277, 369, 144, 255, 224, 351, 343, 355, 380]
977 3125 [345, 352, 259, 167, 219, 342, 232, 140, 217, 306, 179, 367]
978 2680 [224, 315, 268, 97, 368, 116, 129, 175, 208, 165, 329, 286]
979 2499 [241, 172, 95, 103, 352, 197, 285, 155, 226, 98, 216, 359]
980 2632 [347, 342, 144, 197, 260, 85, 290, 254, 89, 178, 247, 199]
981 2686 [83, 343, 112, 271, 225, 157, 170, 287, 178, 343, 237, 280]
982 2733 [109, 300, 263, 233, 387, 343, 226, 208, 82, 147, 298, 137]
983 2870 [198, 309, 208, 328, 305, 286, 154, 369, 340, 83, 195, 95]
984 2494 [175, 162, 311, 213, 279, 164, 200, 88, 326, 179, 78, 319]
985 3220 [370, 237, 371, 309, 136, 271, 292, 238, 187, 226, 286, 297]
986 3048 [198, 346, 388, 110, 202, 370, 221, 347, 177, 281, 216, 192]
987 2826 [252, 264, 300, 219, 274, 156, 236, 330, 202, 173, 136, 284]
988 3298 [367, 249, 373, 99, 375, 202, 303, 213, 382, 182, 185, 368]
989 2853 [253, 106, 217, 337, 206, 83, 242, 213, 341, 298, 211, 346]
990 2922 [325, 200, 376, 277, 211, 158, 160, 311, 324, 139, 302, 139]
991 2789 [376, 382, 275, 387, 183, 84, 180, 111, 256, 145, 112, 298]
992 2809 [230, 135, 333, 231, 225, 349, 174, 290, 205, 192, 253, 192]
993 3064 [353, 365, 98, 117, 99, 241, 384, 216, 217, 384, 275, 315]
994 2812 [96, 315, 335, 280, 110, 340, 219, 192, 245, 225, 83, 372]
995 3216 [242, 285, 245, 293, 248, 296, 187, 336, 269, 195, 323, 297]
996 2661 [120, 303, 153, 81, 220, 89, 287, 81, 342, 315, 288, 382]
997 2658 [365, 357, 156, 189, 137, 113, 167, 153, 155, 328, 221, 317]
998 2770 [184, 118, 297, 300, 307, 267, 344, 174, 131, 95, 228, 325]
999 2438 [167, 281, 116, 319, 231, 158, 144, 207, 345, 244, 148, 78]
1000 3091 [344, 268, 277, 366, 89, 245, 142, 300, 374, 98, 225, 363]
==========***** 2021-01-10 13:52:08 start to log *****==========
92 2682 [155, 227, 231, 139, 193, 268, 272, 139, 183, 353, 301, 221]
94 3444 [382, 322, 238, 369, 226, 342, 168, 231, 382, 121, 337, 326]
93 2241 [215, 119, 171, 228, 122, 156, 78, 134, 374, 167, 178, 299]
89 2699 [338, 316, 248, 127, 170, 180, 338, 127, 107, 387, 191, 170]
91 3017 [362, 379, 137, 224, 194, 180, 251, 88, 301, 368, 187, 346]
==========***** 2021-01-15 15:48:35 start to log *****==========
8 2800 [197, 304, 271, 369, 80, 221, 88, 251, 281, 359, 298, 81]
2 2270 [150, 242, 311, 188, 245, 89, 112, 179, 113, 82, 213, 346]
5 2847 [144, 123, 256, 318, 322, 218, 110, 226, 222, 286, 345, 277]
4 2793 [149, 109, 227, 154, 232, 368, 326, 141, 336, 287, 100, 364]
1 3122 [378, 109, 244, 366, 204, 289, 289, 270, 363, 91, 150, 369]
3 2771 [253, 363, 156, 343, 126, 196, 322, 87, 354, 197, 132, 242]
6 3349 [214, 103, 180, 316, 379, 189, 313, 383, 383, 250, 253, 386]
7 3002 [333, 122, 180, 212, 365, 331, 309, 288, 135, 320, 294, 113]
9 3250 [286, 222, 357, 371, 360, 236, 269, 234, 154, 290, 198, 273]
